VEMOS2009inITRF2005
20.00;-76.00;0.0106;0.0076
20.00;-75.00;0.0112;0.0075
20.00;-74.00;0.0118;0.0079
20.00;-73.00;0.0124;0.0084
20.00;-72.00;0.0130;0.0083
19.00;-80.00;0.0080;0.0062
19.00;-79.00;0.0089;0.0065
19.00;-78.00;0.0097;0.0068
19.00;-77.00;0.0094;0.0068
19.00;-76.00;0.0103;0.0076
19.00;-75.00;0.0114;0.0078
19.00;-74.00;0.0119;0.0080
19.00;-73.00;0.0123;0.0080
19.00;-72.00;0.0125;0.0073
19.00;-71.00;0.0132;0.0073
19.00;-70.00;0.0128;0.0072
19.00;-69.00;0.0126;0.0080
19.00;-68.00;0.0124;0.0084
19.00;-67.00;0.0122;0.0089
19.00;-66.00;0.0124;0.0090
19.00;-65.00;0.0125;0.0092
19.00;-64.00;0.0129;0.0088
19.00;-63.00;0.0132;0.0090
19.00;-62.00;0.0133;0.0091
18.00;-81.00;0.0102;0.0061
18.00;-80.00;0.0102;0.0065
18.00;-79.00;0.0102;0.0070
18.00;-78.00;0.0098;0.0071
18.00;-77.00;0.0082;0.0065
18.00;-76.00;0.0100;0.0072
18.00;-75.00;0.0115;0.0078
18.00;-74.00;0.0121;0.0081
18.00;-73.00;0.0123;0.0076
18.00;-72.00;0.0128;0.0072
18.00;-71.00;0.0133;0.0066
18.00;-70.00;0.0128;0.0078
18.00;-69.00;0.0127;0.0079
18.00;-68.00;0.0125;0.0084
18.00;-67.00;0.0122;0.0094
18.00;-66.00;0.0125;0.0097
18.00;-65.00;0.0125;0.0107
18.00;-64.00;0.0128;0.0103
18.00;-63.00;0.0130;0.0086
18.00;-62.00;0.0133;0.0083
18.00;-61.00;0.0135;0.0084
18.00;-60.00;0.0137;0.0080
17.00;-85.00;0.0074;0.0038
17.00;-84.00;0.0085;0.0052
17.00;-83.00;0.0094;0.0059
17.00;-82.00;0.0101;0.0067
17.00;-81.00;0.0103;0.0070
17.00;-80.00;0.0107;0.0075
17.00;-79.00;0.0105;0.0076
17.00;-78.00;0.0104;0.0081
17.00;-77.00;0.0100;0.0077
17.00;-76.00;0.0110;0.0081
17.00;-75.00;0.0118;0.0088
17.00;-74.00;0.0123;0.0086
17.00;-73.00;0.0124;0.0079
17.00;-72.00;0.0127;0.0082
17.00;-71.00;0.0127;0.0078
17.00;-70.00;0.0129;0.0077
17.00;-69.00;0.0128;0.0079
17.00;-68.00;0.0127;0.0081
17.00;-67.00;0.0126;0.0088
17.00;-66.00;0.0126;0.0093
17.00;-65.00;0.0127;0.0099
17.00;-64.00;0.0129;0.0094
17.00;-63.00;0.0132;0.0084
17.00;-62.00;0.0133;0.0073
17.00;-61.00;0.0135;0.0075
17.00;-60.00;0.0137;0.0077
17.00;-59.00;0.0140;0.0078
16.00;-88.00;0.0038;0.0017
16.00;-87.00;0.0052;0.0034
16.00;-86.00;0.0066;0.0048
16.00;-85.00;0.0080;0.0061
16.00;-84.00;0.0088;0.0068
16.00;-83.00;0.0096;0.0073
16.00;-82.00;0.0101;0.0078
16.00;-81.00;0.0104;0.0081
16.00;-80.00;0.0109;0.0085
16.00;-79.00;0.0111;0.0087
16.00;-78.00;0.0112;0.0090
16.00;-77.00;0.0116;0.0090
16.00;-76.00;0.0120;0.0090
16.00;-75.00;0.0121;0.0093
16.00;-74.00;0.0123;0.0086
16.00;-73.00;0.0125;0.0084
16.00;-72.00;0.0129;0.0081
16.00;-71.00;0.0129;0.0076
16.00;-70.00;0.0129;0.0079
16.00;-69.00;0.0129;0.0077
16.00;-68.00;0.0129;0.0080
16.00;-67.00;0.0128;0.0082
16.00;-66.00;0.0128;0.0086
16.00;-65.00;0.0129;0.0085
16.00;-64.00;0.0130;0.0085
16.00;-63.00;0.0132;0.0073
16.00;-62.00;0.0133;0.0071
16.00;-61.00;0.0135;0.0072
16.00;-60.00;0.0136;0.0073
16.00;-59.00;0.0137;0.0083
15.00;-89.00;0.0045;0.0035
15.00;-88.00;0.0046;0.0053
15.00;-87.00;0.0056;0.0067
15.00;-86.00;0.0073;0.0076
15.00;-85.00;0.0086;0.0083
15.00;-84.00;0.0091;0.0086
15.00;-83.00;0.0096;0.0091
15.00;-82.00;0.0098;0.0093
15.00;-81.00;0.0105;0.0096
15.00;-80.00;0.0112;0.0098
15.00;-79.00;0.0117;0.0100
15.00;-78.00;0.0120;0.0101
15.00;-77.00;0.0124;0.0097
15.00;-76.00;0.0126;0.0099
15.00;-75.00;0.0124;0.0094
15.00;-74.00;0.0124;0.0087
15.00;-73.00;0.0127;0.0087
15.00;-72.00;0.0129;0.0086
15.00;-71.00;0.0130;0.0083
15.00;-70.00;0.0131;0.0078
15.00;-69.00;0.0131;0.0080
15.00;-68.00;0.0129;0.0078
15.00;-67.00;0.0128;0.0081
15.00;-66.00;0.0128;0.0082
15.00;-65.00;0.0129;0.0082
15.00;-64.00;0.0132;0.0079
15.00;-63.00;0.0133;0.0074
15.00;-62.00;0.0136;0.0083
15.00;-61.00;0.0137;0.0087
15.00;-60.00;0.0141;0.0091
15.00;-59.00;0.0133;0.0099
14.00;-90.00;0.0054;0.0047
14.00;-89.00;0.0066;0.0063
14.00;-88.00;0.0052;0.0090
14.00;-87.00;0.0057;0.0106
14.00;-86.00;0.0086;0.0109
14.00;-85.00;0.0093;0.0104
14.00;-84.00;0.0096;0.0105
14.00;-83.00;0.0096;0.0108
14.00;-82.00;0.0096;0.0111
14.00;-81.00;0.0102;0.0112
14.00;-80.00;0.0114;0.0114
14.00;-79.00;0.0122;0.0112
14.00;-78.00;0.0124;0.0112
14.00;-77.00;0.0129;0.0108
14.00;-76.00;0.0127;0.0111
14.00;-75.00;0.0128;0.0095
14.00;-74.00;0.0126;0.0097
14.00;-73.00;0.0127;0.0093
14.00;-72.00;0.0129;0.0086
14.00;-71.00;0.0130;0.0085
14.00;-70.00;0.0132;0.0083
14.00;-69.00;0.0132;0.0084
14.00;-68.00;0.0130;0.0080
14.00;-67.00;0.0127;0.0088
14.00;-66.00;0.0127;0.0078
14.00;-65.00;0.0130;0.0079
14.00;-64.00;0.0133;0.0082
14.00;-63.00;0.0134;0.0078
14.00;-62.00;0.0137;0.0091
14.00;-61.00;0.0136;0.0093
14.00;-60.00;0.0142;0.0115
14.00;-59.00;0.0137;0.0114
14.00;-58.00;0.0140;0.0092
13.00;-89.00;0.0074;0.0081
13.00;-88.00;0.0069;0.0103
13.00;-87.00;0.0078;0.0127
13.00;-86.00;0.0098;0.0128
13.00;-85.00;0.0100;0.0113
13.00;-84.00;0.0101;0.0117
13.00;-83.00;0.0097;0.0124
13.00;-82.00;0.0084;0.0133
13.00;-81.00;0.0098;0.0130
13.00;-80.00;0.0117;0.0129
13.00;-79.00;0.0124;0.0127
13.00;-78.00;0.0128;0.0124
13.00;-77.00;0.0131;0.0120
13.00;-76.00;0.0128;0.0117
13.00;-75.00;0.0126;0.0103
13.00;-74.00;0.0127;0.0097
13.00;-73.00;0.0129;0.0099
13.00;-72.00;0.0132;0.0093
13.00;-71.00;0.0131;0.0095
13.00;-70.00;0.0135;0.0094
13.00;-69.00;0.0134;0.0088
13.00;-68.00;0.0132;0.0079
13.00;-67.00;0.0129;0.0078
13.00;-66.00;0.0127;0.0081
13.00;-65.00;0.0128;0.0085
13.00;-64.00;0.0134;0.0081
13.00;-63.00;0.0139;0.0090
13.00;-62.00;0.0140;0.0099
13.00;-61.00;0.0142;0.0114
13.00;-60.00;0.0146;0.0127
13.00;-59.00;0.0141;0.0112
13.00;-58.00;0.0135;0.0096
12.00;-89.00;0.0077;0.0092
12.00;-88.00;0.0081;0.0099
12.00;-87.00;0.0089;0.0095
12.00;-86.00;0.0096;0.0079
12.00;-85.00;0.0110;0.0109
12.00;-84.00;0.0109;0.0125
12.00;-83.00;0.0107;0.0134
12.00;-82.00;0.0099;0.0145
12.00;-81.00;0.0102;0.0154
12.00;-80.00;0.0118;0.0147
12.00;-79.00;0.0129;0.0140
12.00;-78.00;0.0132;0.0133
12.00;-77.00;0.0131;0.0130
12.00;-76.00;0.0125;0.0116
12.00;-75.00;0.0124;0.0108
12.00;-74.00;0.0130;0.0101
12.00;-73.00;0.0132;0.0112
12.00;-72.00;0.0133;0.0103
12.00;-71.00;0.0133;0.0110
12.00;-70.00;0.0140;0.0119
12.00;-69.00;0.0137;0.0088
12.00;-68.00;0.0134;0.0071
12.00;-67.00;0.0129;0.0076
12.00;-66.00;0.0126;0.0084
12.00;-65.00;0.0132;0.0097
12.00;-64.00;0.0140;0.0109
12.00;-63.00;0.0141;0.0103
12.00;-62.00;0.0140;0.0098
12.00;-61.00;0.0141;0.0108
12.00;-60.00;0.0141;0.0087
12.00;-59.00;0.0135;0.0088
12.00;-58.00;0.0133;0.0085
11.00;-87.00;0.0099;0.0102
11.00;-86.00;0.0118;0.0100
11.00;-85.00;0.0131;0.0114
11.00;-84.00;0.0128;0.0140
11.00;-83.00;0.0120;0.0159
11.00;-82.00;0.0116;0.0176
11.00;-81.00;0.0119;0.0178
11.00;-80.00;0.0127;0.0164
11.00;-79.00;0.0131;0.0155
11.00;-78.00;0.0134;0.0147
11.00;-77.00;0.0131;0.0136
11.00;-76.00;0.0116;0.0123
11.00;-75.00;0.0119;0.0107
11.00;-74.00;0.0133;0.0097
11.00;-73.00;0.0136;0.0102
11.00;-72.00;0.0128;0.0100
11.00;-71.00;0.0135;0.0097
11.00;-70.00;0.0142;0.0093
11.00;-69.00;0.0139;0.0068
11.00;-68.00;0.0134;0.0051
11.00;-67.00;0.0132;0.0073
11.00;-66.00;0.0124;0.0072
11.00;-65.00;0.0135;0.0099
11.00;-64.00;0.0140;0.0123
11.00;-63.00;0.0139;0.0122
11.00;-62.00;0.0134;0.0094
11.00;-61.00;0.0134;0.0086
11.00;-60.00;0.0135;0.0082
11.00;-59.00;0.0132;0.0075
11.00;-58.00;0.0128;0.0065
10.00;-86.00;0.0126;0.0127
10.00;-85.00;0.0149;0.0138
10.00;-84.00;0.0174;0.0144
10.00;-83.00;0.0089;0.0230
10.00;-82.00;0.0138;0.0223
10.00;-81.00;0.0130;0.0200
10.00;-80.00;0.0127;0.0181
10.00;-79.00;0.0129;0.0168
10.00;-78.00;0.0135;0.0162
10.00;-77.00;0.0128;0.0143
10.00;-76.00;0.0107;0.0122
10.00;-75.00;0.0113;0.0103
10.00;-74.00;0.0133;0.0081
10.00;-73.00;0.0141;0.0070
10.00;-72.00;0.0135;0.0068
10.00;-71.00;0.0138;0.0067
10.00;-70.00;0.0148;0.0064
10.00;-69.00;0.0117;0.0038
10.00;-68.00;0.0111;0.0029
10.00;-67.00;0.0111;0.0006
10.00;-66.00;0.0123;0.0031
10.00;-65.00;0.0131;0.0044
10.00;-64.00;0.0126;0.0030
10.00;-63.00;0.0125;0.0034
10.00;-62.00;0.0128;0.0053
10.00;-61.00;0.0130;0.0054
10.00;-60.00;0.0116;0.0054
10.00;-59.00;0.0120;0.0048
10.00;-58.00;0.0125;0.0044
9.00;-84.00;0.0170;0.0201
9.00;-83.00;0.0178;0.0223
9.00;-82.00;0.0155;0.0242
9.00;-81.00;0.0133;0.0224
9.00;-80.00;0.0120;0.0198
9.00;-79.00;0.0127;0.0193
9.00;-78.00;0.0135;0.0188
9.00;-77.00;0.0128;0.0149
9.00;-76.00;0.0095;0.0124
9.00;-75.00;0.0117;0.0099
9.00;-74.00;0.0133;0.0073
9.00;-73.00;0.0141;0.0061
9.00;-72.00;0.0140;0.0042
9.00;-71.00;0.0137;0.0027
9.00;-70.00;0.0113;0.0005
9.00;-69.00;0.0112;0.0012
9.00;-68.00;0.0113;-0.0011
9.00;-67.00;0.0118;-0.0016
9.00;-66.00;0.0123;0.0004
9.00;-65.00;0.0127;0.0011
9.00;-64.00;0.0129;0.0007
9.00;-63.00;0.0127;0.0014
9.00;-62.00;0.0128;0.0023
9.00;-61.00;0.0130;0.0031
9.00;-60.00;0.0132;0.0036
9.00;-59.00;0.0126;0.0030
9.00;-58.00;0.0121;0.0023
8.00;-83.00;0.0164;0.0228
8.00;-82.00;0.0152;0.0241
8.00;-81.00;0.0133;0.0240
8.00;-80.00;0.0126;0.0232
8.00;-79.00;0.0137;0.0211
8.00;-78.00;0.0136;0.0210
8.00;-77.00;0.0126;0.0138
8.00;-76.00;0.0115;0.0106
8.00;-75.00;0.0124;0.0076
8.00;-74.00;0.0136;0.0056
8.00;-73.00;0.0140;0.0043
8.00;-72.00;0.0132;0.0010
8.00;-71.00;0.0122;-0.0006
8.00;-70.00;0.0115;-0.0012
8.00;-69.00;0.0116;-0.0004
8.00;-68.00;0.0113;-0.0010
8.00;-67.00;0.0118;-0.0010
8.00;-66.00;0.0121;-0.0006
8.00;-65.00;0.0124;-0.0003
8.00;-64.00;0.0127;-0.0004
8.00;-63.00;0.0127;0.0000
8.00;-62.00;0.0125;0.0008
8.00;-61.00;0.0123;0.0012
8.00;-60.00;0.0122;0.0012
8.00;-59.00;0.0121;0.0010
8.00;-58.00;0.0120;0.0007
7.00;-82.00;0.0145;0.0210
7.00;-81.00;0.0139;0.0208
7.00;-80.00;0.0137;0.0199
7.00;-79.00;0.0141;0.0176
7.00;-78.00;0.0138;0.0144
7.00;-77.00;0.0131;0.0100
7.00;-76.00;0.0130;0.0067
7.00;-75.00;0.0131;0.0059
7.00;-74.00;0.0137;0.0042
7.00;-73.00;0.0145;0.0030
7.00;-72.00;0.0126;0.0016
7.00;-71.00;0.0122;0.0004
7.00;-70.00;0.0118;-0.0004
7.00;-69.00;0.0116;-0.0006
7.00;-68.00;0.0111;-0.0008
7.00;-67.00;0.0112;-0.0012
7.00;-66.00;0.0117;-0.0013
7.00;-65.00;0.0120;-0.0013
7.00;-64.00;0.0122;-0.0013
7.00;-63.00;0.0124;-0.0009
7.00;-62.00;0.0119;-0.0005
7.00;-61.00;0.0120;-0.0002
7.00;-60.00;0.0120;-0.0002
7.00;-59.00;0.0118;-0.0006
7.00;-58.00;0.0117;-0.0010
7.00;-57.00;0.0116;-0.0013
6.00;-78.00;0.0135;0.0099
6.00;-77.00;0.0137;0.0075
6.00;-76.00;0.0135;0.0043
6.00;-75.00;0.0142;0.0060
6.00;-74.00;0.0134;0.0037
6.00;-73.00;0.0145;0.0013
6.00;-72.00;0.0121;-0.0004
6.00;-71.00;0.0120;0.0001
6.00;-70.00;0.0119;-0.0003
6.00;-69.00;0.0115;-0.0012
6.00;-68.00;0.0107;-0.0013
6.00;-67.00;0.0105;-0.0013
6.00;-66.00;0.0114;-0.0017
6.00;-65.00;0.0116;-0.0021
6.00;-64.00;0.0122;-0.0015
6.00;-63.00;0.0122;-0.0016
6.00;-62.00;0.0118;-0.0012
6.00;-61.00;0.0118;-0.0011
6.00;-60.00;0.0118;-0.0013
6.00;-59.00;0.0117;-0.0017
6.00;-58.00;0.0116;-0.0015
6.00;-57.00;0.0114;-0.0025
6.00;-56.00;0.0112;-0.0028
6.00;-55.00;0.0109;-0.0031
6.00;-54.00;0.0113;-0.0027
6.00;-53.00;0.0117;-0.0026
5.00;-78.00;0.0133;0.0092
5.00;-77.00;0.0135;0.0062
5.00;-76.00;0.0146;0.0053
5.00;-75.00;0.0159;0.0037
5.00;-74.00;0.0123;0.0018
5.00;-73.00;0.0122;-0.0014
5.00;-72.00;0.0112;-0.0026
5.00;-71.00;0.0119;-0.0011
5.00;-70.00;0.0117;-0.0016
5.00;-69.00;0.0112;-0.0025
5.00;-68.00;0.0103;-0.0033
5.00;-67.00;0.0105;-0.0028
5.00;-66.00;0.0110;-0.0026
5.00;-65.00;0.0115;-0.0026
5.00;-64.00;0.0117;-0.0026
5.00;-63.00;0.0118;-0.0023
5.00;-62.00;0.0117;-0.0018
5.00;-61.00;0.0116;-0.0016
5.00;-60.00;0.0117;-0.0020
5.00;-59.00;0.0115;-0.0024
5.00;-58.00;0.0114;-0.0028
5.00;-57.00;0.0113;-0.0032
5.00;-56.00;0.0110;-0.0035
5.00;-55.00;0.0110;-0.0036
5.00;-54.00;0.0114;-0.0033
5.00;-53.00;0.0119;-0.0032
5.00;-52.00;0.0118;-0.0031
4.00;-78.00;0.0130;0.0073
4.00;-77.00;0.0132;0.0054
4.00;-76.00;0.0134;0.0044
4.00;-75.00;0.0143;0.0016
4.00;-74.00;0.0124;-0.0021
4.00;-73.00;0.0108;-0.0020
4.00;-72.00;0.0117;-0.0015
4.00;-71.00;0.0118;-0.0016
4.00;-70.00;0.0114;-0.0023
4.00;-69.00;0.0105;-0.0047
4.00;-68.00;0.0095;-0.0070
4.00;-67.00;0.0108;-0.0048
4.00;-66.00;0.0112;-0.0036
4.00;-65.00;0.0115;-0.0031
4.00;-64.00;0.0117;-0.0028
4.00;-63.00;0.0117;-0.0027
4.00;-62.00;0.0116;-0.0025
4.00;-61.00;0.0116;-0.0025
4.00;-60.00;0.0116;-0.0026
4.00;-59.00;0.0115;-0.0029
4.00;-58.00;0.0114;-0.0031
4.00;-57.00;0.0113;-0.0034
4.00;-56.00;0.0112;-0.0035
4.00;-55.00;0.0113;-0.0035
4.00;-54.00;0.0115;-0.0032
4.00;-53.00;0.0118;-0.0031
4.00;-52.00;0.0119;-0.0032
4.00;-51.00;0.0118;-0.0031
3.00;-78.00;0.0122;0.0070
3.00;-77.00;0.0129;0.0041
3.00;-76.00;0.0127;0.0028
3.00;-75.00;0.0134;0.0022
3.00;-74.00;0.0124;0.0003
3.00;-73.00;0.0123;-0.0007
3.00;-72.00;0.0120;-0.0006
3.00;-71.00;0.0117;-0.0017
3.00;-70.00;0.0111;-0.0029
3.00;-69.00;0.0107;-0.0046
3.00;-68.00;0.0103;-0.0049
3.00;-67.00;0.0111;-0.0045
3.00;-66.00;0.0114;-0.0035
3.00;-65.00;0.0116;-0.0032
3.00;-64.00;0.0117;-0.0031
3.00;-63.00;0.0117;-0.0030
3.00;-62.00;0.0116;-0.0030
3.00;-61.00;0.0116;-0.0031
3.00;-60.00;0.0115;-0.0032
3.00;-59.00;0.0114;-0.0034
3.00;-58.00;0.0114;-0.0036
3.00;-57.00;0.0115;-0.0036
3.00;-56.00;0.0114;-0.0035
3.00;-55.00;0.0116;-0.0036
3.00;-54.00;0.0116;-0.0035
3.00;-53.00;0.0118;-0.0034
3.00;-52.00;0.0119;-0.0034
3.00;-51.00;0.0118;-0.0033
2.00;-79.00;0.0109;0.0108
2.00;-78.00;0.0114;0.0076
2.00;-77.00;0.0114;0.0046
2.00;-76.00;0.0107;0.0019
2.00;-75.00;0.0111;0.0006
2.00;-74.00;0.0120;0.0008
2.00;-73.00;0.0121;-0.0001
2.00;-72.00;0.0120;-0.0002
2.00;-71.00;0.0115;-0.0015
2.00;-70.00;0.0110;-0.0030
2.00;-69.00;0.0107;-0.0035
2.00;-68.00;0.0107;-0.0039
2.00;-67.00;0.0112;-0.0034
2.00;-66.00;0.0115;-0.0033
2.00;-65.00;0.0116;-0.0033
2.00;-64.00;0.0116;-0.0033
2.00;-63.00;0.0116;-0.0033
2.00;-62.00;0.0115;-0.0034
2.00;-61.00;0.0114;-0.0035
2.00;-60.00;0.0115;-0.0036
2.00;-59.00;0.0114;-0.0037
2.00;-58.00;0.0115;-0.0037
2.00;-57.00;0.0115;-0.0038
2.00;-56.00;0.0115;-0.0037
2.00;-55.00;0.0116;-0.0037
2.00;-54.00;0.0118;-0.0037
2.00;-53.00;0.0119;-0.0036
2.00;-52.00;0.0119;-0.0035
2.00;-51.00;0.0119;-0.0035
2.00;-50.00;0.0120;-0.0034
1.00;-80.00;0.0123;0.0153
1.00;-79.00;0.0118;0.0107
1.00;-78.00;0.0118;0.0070
1.00;-77.00;0.0112;0.0055
1.00;-76.00;0.0088;0.0026
1.00;-75.00;0.0104;0.0015
1.00;-74.00;0.0114;0.0009
1.00;-73.00;0.0119;0.0002
1.00;-72.00;0.0116;-0.0007
1.00;-71.00;0.0112;-0.0019
1.00;-70.00;0.0110;-0.0027
1.00;-69.00;0.0109;-0.0029
1.00;-68.00;0.0111;-0.0029
1.00;-67.00;0.0113;-0.0030
1.00;-66.00;0.0115;-0.0031
1.00;-65.00;0.0115;-0.0033
1.00;-64.00;0.0116;-0.0034
1.00;-63.00;0.0116;-0.0036
1.00;-62.00;0.0114;-0.0037
1.00;-61.00;0.0114;-0.0038
1.00;-60.00;0.0115;-0.0038
1.00;-59.00;0.0114;-0.0038
1.00;-58.00;0.0115;-0.0038
1.00;-57.00;0.0116;-0.0038
1.00;-56.00;0.0116;-0.0038
1.00;-55.00;0.0117;-0.0037
1.00;-54.00;0.0118;-0.0037
1.00;-53.00;0.0120;-0.0036
1.00;-52.00;0.0120;-0.0036
1.00;-51.00;0.0121;-0.0036
1.00;-50.00;0.0121;-0.0036
0.00;-80.00;0.0114;0.0119
0.00;-79.00;0.0106;0.0088
0.00;-78.00;0.0109;0.0038
0.00;-77.00;0.0093;-0.0015
0.00;-76.00;0.0094;0.0014
0.00;-75.00;0.0104;0.0019
0.00;-74.00;0.0111;0.0014
0.00;-73.00;0.0114;0.0000
0.00;-72.00;0.0115;-0.0007
0.00;-71.00;0.0111;-0.0019
0.00;-70.00;0.0111;-0.0022
0.00;-69.00;0.0110;-0.0026
0.00;-68.00;0.0112;-0.0027
0.00;-67.00;0.0113;-0.0029
0.00;-66.00;0.0114;-0.0031
0.00;-65.00;0.0115;-0.0033
0.00;-64.00;0.0115;-0.0035
0.00;-63.00;0.0115;-0.0037
0.00;-62.00;0.0114;-0.0038
0.00;-61.00;0.0114;-0.0039
0.00;-60.00;0.0115;-0.0040
0.00;-59.00;0.0114;-0.0040
0.00;-58.00;0.0115;-0.0040
0.00;-57.00;0.0116;-0.0039
0.00;-56.00;0.0116;-0.0038
0.00;-55.00;0.0117;-0.0038
0.00;-54.00;0.0118;-0.0038
0.00;-53.00;0.0120;-0.0037
0.00;-52.00;0.0121;-0.0037
0.00;-51.00;0.0122;-0.0037
0.00;-50.00;0.0123;-0.0039
0.00;-49.00;0.0123;-0.0040
0.00;-48.00;0.0122;-0.0040
0.00;-47.00;0.0119;-0.0038
-1.00;-81.00;0.0118;0.0131
-1.00;-80.00;0.0105;0.0103
-1.00;-79.00;0.0092;0.0054
-1.00;-78.00;0.0083;0.0036
-1.00;-77.00;0.0092;0.0025
-1.00;-76.00;0.0099;0.0023
-1.00;-75.00;0.0105;0.0022
-1.00;-74.00;0.0108;0.0014
-1.00;-73.00;0.0110;0.0004
-1.00;-72.00;0.0110;-0.0010
-1.00;-71.00;0.0111;-0.0017
-1.00;-70.00;0.0110;-0.0021
-1.00;-69.00;0.0111;-0.0024
-1.00;-68.00;0.0112;-0.0026
-1.00;-67.00;0.0113;-0.0029
-1.00;-66.00;0.0114;-0.0031
-1.00;-65.00;0.0114;-0.0033
-1.00;-64.00;0.0114;-0.0036
-1.00;-63.00;0.0114;-0.0037
-1.00;-62.00;0.0114;-0.0039
-1.00;-61.00;0.0114;-0.0040
-1.00;-60.00;0.0115;-0.0041
-1.00;-59.00;0.0114;-0.0041
-1.00;-58.00;0.0115;-0.0041
-1.00;-57.00;0.0116;-0.0040
-1.00;-56.00;0.0116;-0.0039
-1.00;-55.00;0.0118;-0.0039
-1.00;-54.00;0.0118;-0.0037
-1.00;-53.00;0.0120;-0.0037
-1.00;-52.00;0.0121;-0.0038
-1.00;-51.00;0.0121;-0.0040
-1.00;-50.00;0.0123;-0.0042
-1.00;-49.00;0.0126;-0.0046
-1.00;-48.00;0.0124;-0.0045
-1.00;-47.00;0.0120;-0.0042
-1.00;-46.00;0.0119;-0.0039
-1.00;-45.00;0.0118;-0.0037
-2.00;-81.00;0.0103;0.0090
-2.00;-80.00;0.0087;0.0076
-2.00;-79.00;0.0068;0.0040
-2.00;-78.00;0.0073;0.0037
-2.00;-77.00;0.0089;0.0032
-2.00;-76.00;0.0097;0.0025
-2.00;-75.00;0.0103;0.0018
-2.00;-74.00;0.0107;0.0013
-2.00;-73.00;0.0107;0.0001
-2.00;-72.00;0.0109;-0.0005
-2.00;-71.00;0.0112;-0.0013
-2.00;-70.00;0.0111;-0.0018
-2.00;-69.00;0.0111;-0.0022
-2.00;-68.00;0.0112;-0.0026
-2.00;-67.00;0.0113;-0.0028
-2.00;-66.00;0.0113;-0.0031
-2.00;-65.00;0.0114;-0.0034
-2.00;-64.00;0.0113;-0.0037
-2.00;-63.00;0.0114;-0.0038
-2.00;-62.00;0.0113;-0.0041
-2.00;-61.00;0.0114;-0.0043
-2.00;-60.00;0.0114;-0.0046
-2.00;-59.00;0.0113;-0.0044
-2.00;-58.00;0.0115;-0.0043
-2.00;-57.00;0.0116;-0.0041
-2.00;-56.00;0.0117;-0.0040
-2.00;-55.00;0.0118;-0.0039
-2.00;-54.00;0.0119;-0.0039
-2.00;-53.00;0.0120;-0.0039
-2.00;-52.00;0.0120;-0.0039
-2.00;-51.00;0.0121;-0.0040
-2.00;-50.00;0.0123;-0.0042
-2.00;-49.00;0.0125;-0.0044
-2.00;-48.00;0.0125;-0.0044
-2.00;-47.00;0.0122;-0.0042
-2.00;-46.00;0.0120;-0.0040
-2.00;-45.00;0.0119;-0.0038
-2.00;-44.00;0.0118;-0.0037
-2.00;-43.00;0.0117;-0.0036
-3.00;-81.00;0.0090;0.0070
-3.00;-80.00;0.0080;0.0053
-3.00;-79.00;0.0071;0.0041
-3.00;-78.00;0.0076;0.0035
-3.00;-77.00;0.0089;0.0031
-3.00;-76.00;0.0098;0.0027
-3.00;-75.00;0.0103;0.0019
-3.00;-74.00;0.0105;0.0014
-3.00;-73.00;0.0107;0.0006
-3.00;-72.00;0.0109;-0.0002
-3.00;-71.00;0.0109;-0.0010
-3.00;-70.00;0.0109;-0.0017
-3.00;-69.00;0.0111;-0.0022
-3.00;-68.00;0.0113;-0.0024
-3.00;-67.00;0.0113;-0.0027
-3.00;-66.00;0.0114;-0.0030
-3.00;-65.00;0.0113;-0.0033
-3.00;-64.00;0.0113;-0.0035
-3.00;-63.00;0.0113;-0.0039
-3.00;-62.00;0.0113;-0.0042
-3.00;-61.00;0.0113;-0.0047
-3.00;-60.00;0.0112;-0.0056
-3.00;-59.00;0.0114;-0.0047
-3.00;-58.00;0.0116;-0.0043
-3.00;-57.00;0.0117;-0.0041
-3.00;-56.00;0.0117;-0.0040
-3.00;-55.00;0.0118;-0.0039
-3.00;-54.00;0.0119;-0.0038
-3.00;-53.00;0.0120;-0.0039
-3.00;-52.00;0.0120;-0.0040
-3.00;-51.00;0.0121;-0.0040
-3.00;-50.00;0.0122;-0.0041
-3.00;-49.00;0.0123;-0.0042
-3.00;-48.00;0.0123;-0.0042
-3.00;-47.00;0.0122;-0.0042
-3.00;-46.00;0.0121;-0.0040
-3.00;-45.00;0.0119;-0.0039
-3.00;-44.00;0.0118;-0.0038
-3.00;-43.00;0.0117;-0.0037
-3.00;-42.00;0.0117;-0.0036
-3.00;-41.00;0.0117;-0.0035
-3.00;-40.00;0.0117;-0.0035
-3.00;-39.00;0.0118;-0.0035
-4.00;-81.00;0.0078;0.0062
-4.00;-80.00;0.0071;0.0044
-4.00;-79.00;0.0065;0.0004
-4.00;-78.00;0.0082;0.0029
-4.00;-77.00;0.0092;0.0032
-4.00;-76.00;0.0100;0.0028
-4.00;-75.00;0.0104;0.0018
-4.00;-74.00;0.0106;0.0014
-4.00;-73.00;0.0106;0.0011
-4.00;-72.00;0.0108;-0.0001
-4.00;-71.00;0.0110;-0.0009
-4.00;-70.00;0.0109;-0.0016
-4.00;-69.00;0.0112;-0.0020
-4.00;-68.00;0.0113;-0.0023
-4.00;-67.00;0.0114;-0.0026
-4.00;-66.00;0.0114;-0.0029
-4.00;-65.00;0.0113;-0.0032
-4.00;-64.00;0.0112;-0.0035
-4.00;-63.00;0.0113;-0.0037
-4.00;-62.00;0.0112;-0.0041
-4.00;-61.00;0.0112;-0.0044
-4.00;-60.00;0.0114;-0.0045
-4.00;-59.00;0.0115;-0.0044
-4.00;-58.00;0.0116;-0.0042
-4.00;-57.00;0.0117;-0.0041
-4.00;-56.00;0.0117;-0.0040
-4.00;-55.00;0.0118;-0.0039
-4.00;-54.00;0.0118;-0.0039
-4.00;-53.00;0.0119;-0.0038
-4.00;-52.00;0.0120;-0.0039
-4.00;-51.00;0.0120;-0.0039
-4.00;-50.00;0.0121;-0.0040
-4.00;-49.00;0.0122;-0.0041
-4.00;-48.00;0.0121;-0.0041
-4.00;-47.00;0.0120;-0.0041
-4.00;-46.00;0.0120;-0.0040
-4.00;-45.00;0.0119;-0.0039
-4.00;-44.00;0.0118;-0.0038
-4.00;-43.00;0.0118;-0.0038
-4.00;-42.00;0.0117;-0.0037
-4.00;-41.00;0.0117;-0.0036
-4.00;-40.00;0.0117;-0.0036
-4.00;-39.00;0.0118;-0.0036
-4.00;-38.00;0.0118;-0.0036
-4.00;-37.00;0.0116;-0.0034
-5.00;-81.00;0.0060;0.0053
-5.00;-80.00;0.0064;0.0042
-5.00;-79.00;0.0076;0.0036
-5.00;-78.00;0.0088;0.0034
-5.00;-77.00;0.0097;0.0032
-5.00;-76.00;0.0103;0.0025
-5.00;-75.00;0.0107;0.0019
-5.00;-74.00;0.0108;0.0012
-5.00;-73.00;0.0108;0.0005
-5.00;-72.00;0.0110;-0.0003
-5.00;-71.00;0.0111;-0.0010
-5.00;-70.00;0.0111;-0.0015
-5.00;-69.00;0.0114;-0.0018
-5.00;-68.00;0.0114;-0.0021
-5.00;-67.00;0.0114;-0.0023
-5.00;-66.00;0.0114;-0.0026
-5.00;-65.00;0.0113;-0.0031
-5.00;-64.00;0.0113;-0.0033
-5.00;-63.00;0.0113;-0.0036
-5.00;-62.00;0.0112;-0.0038
-5.00;-61.00;0.0113;-0.0040
-5.00;-60.00;0.0114;-0.0040
-5.00;-59.00;0.0115;-0.0041
-5.00;-58.00;0.0116;-0.0040
-5.00;-57.00;0.0118;-0.0039
-5.00;-56.00;0.0118;-0.0038
-5.00;-55.00;0.0119;-0.0038
-5.00;-54.00;0.0118;-0.0037
-5.00;-53.00;0.0119;-0.0038
-5.00;-52.00;0.0120;-0.0039
-5.00;-51.00;0.0120;-0.0039
-5.00;-50.00;0.0121;-0.0039
-5.00;-49.00;0.0120;-0.0040
-5.00;-48.00;0.0120;-0.0042
-5.00;-47.00;0.0119;-0.0042
-5.00;-46.00;0.0120;-0.0041
-5.00;-45.00;0.0120;-0.0040
-5.00;-44.00;0.0119;-0.0039
-5.00;-43.00;0.0118;-0.0037
-5.00;-42.00;0.0117;-0.0036
-5.00;-41.00;0.0117;-0.0036
-5.00;-40.00;0.0117;-0.0035
-5.00;-39.00;0.0118;-0.0034
-5.00;-38.00;0.0118;-0.0035
-5.00;-37.00;0.0117;-0.0035
-5.00;-36.00;0.0114;-0.0034
-5.00;-35.00;0.0113;-0.0033
-6.00;-81.00;0.0069;0.0058
-6.00;-80.00;0.0073;0.0051
-6.00;-79.00;0.0083;0.0043
-6.00;-78.00;0.0093;0.0038
-6.00;-77.00;0.0101;0.0028
-6.00;-76.00;0.0105;0.0020
-6.00;-75.00;0.0107;0.0014
-6.00;-74.00;0.0107;0.0003
-6.00;-73.00;0.0109;-0.0002
-6.00;-72.00;0.0112;-0.0005
-6.00;-71.00;0.0113;-0.0009
-6.00;-70.00;0.0114;-0.0014
-6.00;-69.00;0.0115;-0.0016
-6.00;-68.00;0.0115;-0.0019
-6.00;-67.00;0.0115;-0.0022
-6.00;-66.00;0.0114;-0.0025
-6.00;-65.00;0.0113;-0.0029
-6.00;-64.00;0.0112;-0.0032
-6.00;-63.00;0.0112;-0.0035
-6.00;-62.00;0.0112;-0.0036
-6.00;-61.00;0.0113;-0.0037
-6.00;-60.00;0.0115;-0.0038
-6.00;-59.00;0.0115;-0.0038
-6.00;-58.00;0.0117;-0.0038
-6.00;-57.00;0.0118;-0.0037
-6.00;-56.00;0.0118;-0.0038
-6.00;-55.00;0.0119;-0.0037
-6.00;-54.00;0.0119;-0.0037
-6.00;-53.00;0.0120;-0.0037
-6.00;-52.00;0.0119;-0.0038
-6.00;-51.00;0.0119;-0.0039
-6.00;-50.00;0.0120;-0.0039
-6.00;-49.00;0.0120;-0.0040
-6.00;-48.00;0.0119;-0.0040
-6.00;-47.00;0.0119;-0.0041
-6.00;-46.00;0.0120;-0.0040
-6.00;-45.00;0.0119;-0.0039
-6.00;-44.00;0.0119;-0.0039
-6.00;-43.00;0.0118;-0.0037
-6.00;-42.00;0.0118;-0.0036
-6.00;-41.00;0.0118;-0.0035
-6.00;-40.00;0.0117;-0.0034
-6.00;-39.00;0.0117;-0.0033
-6.00;-38.00;0.0117;-0.0033
-6.00;-37.00;0.0117;-0.0035
-6.00;-36.00;0.0115;-0.0034
-6.00;-35.00;0.0114;-0.0033
-7.00;-80.00;0.0082;0.0055
-7.00;-79.00;0.0088;0.0048
-7.00;-78.00;0.0094;0.0040
-7.00;-77.00;0.0102;0.0029
-7.00;-76.00;0.0107;0.0016
-7.00;-75.00;0.0107;-0.0000
-7.00;-74.00;0.0108;-0.0009
-7.00;-73.00;0.0112;-0.0009
-7.00;-72.00;0.0115;-0.0009
-7.00;-71.00;0.0116;-0.0010
-7.00;-70.00;0.0116;-0.0013
-7.00;-69.00;0.0116;-0.0015
-7.00;-68.00;0.0116;-0.0017
-7.00;-67.00;0.0115;-0.0020
-7.00;-66.00;0.0115;-0.0023
-7.00;-65.00;0.0113;-0.0028
-7.00;-64.00;0.0111;-0.0031
-7.00;-63.00;0.0111;-0.0035
-7.00;-62.00;0.0112;-0.0035
-7.00;-61.00;0.0114;-0.0036
-7.00;-60.00;0.0115;-0.0036
-7.00;-59.00;0.0116;-0.0036
-7.00;-58.00;0.0117;-0.0036
-7.00;-57.00;0.0118;-0.0036
-7.00;-56.00;0.0118;-0.0036
-7.00;-55.00;0.0119;-0.0036
-7.00;-54.00;0.0119;-0.0036
-7.00;-53.00;0.0120;-0.0037
-7.00;-52.00;0.0119;-0.0037
-7.00;-51.00;0.0119;-0.0037
-7.00;-50.00;0.0120;-0.0038
-7.00;-49.00;0.0119;-0.0039
-7.00;-48.00;0.0119;-0.0039
-7.00;-47.00;0.0119;-0.0039
-7.00;-46.00;0.0120;-0.0039
-7.00;-45.00;0.0120;-0.0039
-7.00;-44.00;0.0119;-0.0038
-7.00;-43.00;0.0119;-0.0036
-7.00;-42.00;0.0118;-0.0036
-7.00;-41.00;0.0118;-0.0035
-7.00;-40.00;0.0117;-0.0032
-7.00;-39.00;0.0117;-0.0032
-7.00;-38.00;0.0117;-0.0033
-7.00;-37.00;0.0117;-0.0034
-7.00;-36.00;0.0115;-0.0033
-7.00;-35.00;0.0115;-0.0032
-8.00;-80.00;0.0086;0.0066
-8.00;-79.00;0.0091;0.0060
-8.00;-78.00;0.0096;0.0048
-8.00;-77.00;0.0104;0.0033
-8.00;-76.00;0.0107;0.0009
-8.00;-75.00;0.0110;-0.0019
-8.00;-74.00;0.0111;-0.0021
-8.00;-73.00;0.0118;-0.0013
-8.00;-72.00;0.0120;-0.0009
-8.00;-71.00;0.0120;-0.0008
-8.00;-70.00;0.0121;-0.0009
-8.00;-69.00;0.0118;-0.0013
-8.00;-68.00;0.0116;-0.0016
-8.00;-67.00;0.0116;-0.0019
-8.00;-66.00;0.0114;-0.0025
-8.00;-65.00;0.0111;-0.0030
-8.00;-64.00;0.0102;-0.0042
-8.00;-63.00;0.0109;-0.0038
-8.00;-62.00;0.0112;-0.0036
-8.00;-61.00;0.0114;-0.0034
-8.00;-60.00;0.0116;-0.0034
-8.00;-59.00;0.0117;-0.0034
-8.00;-58.00;0.0117;-0.0035
-8.00;-57.00;0.0119;-0.0035
-8.00;-56.00;0.0118;-0.0034
-8.00;-55.00;0.0119;-0.0035
-8.00;-54.00;0.0119;-0.0036
-8.00;-53.00;0.0120;-0.0036
-8.00;-52.00;0.0119;-0.0036
-8.00;-51.00;0.0119;-0.0037
-8.00;-50.00;0.0120;-0.0037
-8.00;-49.00;0.0119;-0.0038
-8.00;-48.00;0.0120;-0.0038
-8.00;-47.00;0.0119;-0.0038
-8.00;-46.00;0.0121;-0.0039
-8.00;-45.00;0.0120;-0.0039
-8.00;-44.00;0.0120;-0.0037
-8.00;-43.00;0.0120;-0.0036
-8.00;-42.00;0.0119;-0.0035
-8.00;-41.00;0.0119;-0.0035
-8.00;-40.00;0.0118;-0.0033
-8.00;-39.00;0.0117;-0.0033
-8.00;-38.00;0.0117;-0.0034
-8.00;-37.00;0.0117;-0.0034
-8.00;-36.00;0.0116;-0.0033
-8.00;-35.00;0.0117;-0.0031
-9.00;-79.00;0.0093;0.0073
-9.00;-78.00;0.0097;0.0060
-9.00;-77.00;0.0104;0.0045
-9.00;-76.00;0.0108;0.0022
-9.00;-75.00;0.0111;-0.0003
-9.00;-74.00;0.0123;-0.0006
-9.00;-73.00;0.0126;-0.0004
-9.00;-72.00;0.0127;-0.0003
-9.00;-71.00;0.0126;-0.0004
-9.00;-70.00;0.0123;-0.0007
-9.00;-69.00;0.0120;-0.0011
-9.00;-68.00;0.0117;-0.0014
-9.00;-67.00;0.0116;-0.0017
-9.00;-66.00;0.0114;-0.0024
-9.00;-65.00;0.0109;-0.0033
-9.00;-64.00;0.0097;-0.0046
-9.00;-63.00;0.0109;-0.0037
-9.00;-62.00;0.0113;-0.0033
-9.00;-61.00;0.0116;-0.0032
-9.00;-60.00;0.0117;-0.0032
-9.00;-59.00;0.0117;-0.0033
-9.00;-58.00;0.0118;-0.0033
-9.00;-57.00;0.0118;-0.0033
-9.00;-56.00;0.0118;-0.0033
-9.00;-55.00;0.0119;-0.0033
-9.00;-54.00;0.0119;-0.0033
-9.00;-53.00;0.0120;-0.0035
-9.00;-52.00;0.0119;-0.0036
-9.00;-51.00;0.0119;-0.0036
-9.00;-50.00;0.0120;-0.0037
-9.00;-49.00;0.0120;-0.0037
-9.00;-48.00;0.0120;-0.0037
-9.00;-47.00;0.0120;-0.0038
-9.00;-46.00;0.0121;-0.0038
-9.00;-45.00;0.0121;-0.0038
-9.00;-44.00;0.0121;-0.0037
-9.00;-43.00;0.0120;-0.0037
-9.00;-42.00;0.0120;-0.0036
-9.00;-41.00;0.0119;-0.0036
-9.00;-40.00;0.0119;-0.0035
-9.00;-39.00;0.0118;-0.0034
-9.00;-38.00;0.0118;-0.0035
-9.00;-37.00;0.0118;-0.0035
-9.00;-36.00;0.0116;-0.0034
-9.00;-35.00;0.0116;-0.0034
-10.00;-79.00;0.0092;0.0089
-10.00;-78.00;0.0097;0.0079
-10.00;-77.00;0.0106;0.0069
-10.00;-76.00;0.0114;0.0053
-10.00;-75.00;0.0121;0.0034
-10.00;-74.00;0.0129;0.0022
-10.00;-73.00;0.0134;0.0015
-10.00;-72.00;0.0135;0.0007
-10.00;-71.00;0.0132;0.0001
-10.00;-70.00;0.0128;-0.0003
-10.00;-69.00;0.0123;-0.0009
-10.00;-68.00;0.0122;-0.0009
-10.00;-67.00;0.0117;-0.0012
-10.00;-66.00;0.0116;-0.0012
-10.00;-65.00;0.0113;-0.0022
-10.00;-64.00;0.0108;-0.0028
-10.00;-63.00;0.0113;-0.0028
-10.00;-62.00;0.0115;-0.0029
-10.00;-61.00;0.0117;-0.0029
-10.00;-60.00;0.0117;-0.0031
-10.00;-59.00;0.0117;-0.0031
-10.00;-58.00;0.0118;-0.0032
-10.00;-57.00;0.0119;-0.0032
-10.00;-56.00;0.0119;-0.0032
-10.00;-55.00;0.0119;-0.0032
-10.00;-54.00;0.0119;-0.0034
-10.00;-53.00;0.0120;-0.0033
-10.00;-52.00;0.0119;-0.0036
-10.00;-51.00;0.0119;-0.0036
-10.00;-50.00;0.0120;-0.0036
-10.00;-49.00;0.0120;-0.0037
-10.00;-48.00;0.0120;-0.0037
-10.00;-47.00;0.0120;-0.0037
-10.00;-46.00;0.0121;-0.0038
-10.00;-45.00;0.0122;-0.0038
-10.00;-44.00;0.0121;-0.0038
-10.00;-43.00;0.0121;-0.0037
-10.00;-42.00;0.0120;-0.0036
-10.00;-41.00;0.0120;-0.0036
-10.00;-40.00;0.0119;-0.0035
-10.00;-39.00;0.0118;-0.0035
-10.00;-38.00;0.0118;-0.0035
-10.00;-37.00;0.0118;-0.0035
-10.00;-36.00;0.0117;-0.0034
-11.00;-78.00;0.0101;0.0114
-11.00;-77.00;0.0110;0.0106
-11.00;-76.00;0.0123;0.0090
-11.00;-75.00;0.0129;0.0068
-11.00;-74.00;0.0136;0.0047
-11.00;-73.00;0.0141;0.0031
-11.00;-72.00;0.0142;0.0018
-11.00;-71.00;0.0138;0.0006
-11.00;-70.00;0.0133;-0.0001
-11.00;-69.00;0.0127;-0.0007
-11.00;-68.00;0.0123;-0.0009
-11.00;-67.00;0.0121;-0.0006
-11.00;-66.00;0.0118;0.0008
-11.00;-65.00;0.0116;-0.0013
-11.00;-64.00;0.0115;-0.0020
-11.00;-63.00;0.0115;-0.0023
-11.00;-62.00;0.0117;-0.0025
-11.00;-61.00;0.0117;-0.0026
-11.00;-60.00;0.0117;-0.0029
-11.00;-59.00;0.0118;-0.0029
-11.00;-58.00;0.0118;-0.0031
-11.00;-57.00;0.0119;-0.0031
-11.00;-56.00;0.0119;-0.0031
-11.00;-55.00;0.0119;-0.0033
-11.00;-54.00;0.0119;-0.0033
-11.00;-53.00;0.0119;-0.0034
-11.00;-52.00;0.0120;-0.0034
-11.00;-51.00;0.0120;-0.0035
-11.00;-50.00;0.0121;-0.0036
-11.00;-49.00;0.0121;-0.0036
-11.00;-48.00;0.0121;-0.0037
-11.00;-47.00;0.0121;-0.0037
-11.00;-46.00;0.0122;-0.0037
-11.00;-45.00;0.0123;-0.0038
-11.00;-44.00;0.0123;-0.0038
-11.00;-43.00;0.0123;-0.0038
-11.00;-42.00;0.0121;-0.0036
-11.00;-41.00;0.0120;-0.0036
-11.00;-40.00;0.0119;-0.0035
-11.00;-39.00;0.0119;-0.0034
-11.00;-38.00;0.0118;-0.0035
-11.00;-37.00;0.0118;-0.0035
-12.00;-78.00;0.0111;0.0159
-12.00;-77.00;0.0105;0.0165
-12.00;-76.00;0.0129;0.0140
-12.00;-75.00;0.0133;0.0093
-12.00;-74.00;0.0139;0.0072
-12.00;-73.00;0.0146;0.0043
-12.00;-72.00;0.0150;0.0021
-12.00;-71.00;0.0145;0.0008
-12.00;-70.00;0.0137;-0.0004
-12.00;-69.00;0.0131;-0.0009
-12.00;-68.00;0.0128;-0.0011
-12.00;-67.00;0.0125;-0.0012
-12.00;-66.00;0.0122;-0.0007
-12.00;-65.00;0.0118;-0.0016
-12.00;-64.00;0.0117;-0.0017
-12.00;-63.00;0.0117;-0.0021
-12.00;-62.00;0.0117;-0.0023
-12.00;-61.00;0.0118;-0.0025
-12.00;-60.00;0.0118;-0.0027
-12.00;-59.00;0.0118;-0.0029
-12.00;-58.00;0.0118;-0.0030
-12.00;-57.00;0.0119;-0.0031
-12.00;-56.00;0.0119;-0.0032
-12.00;-55.00;0.0120;-0.0033
-12.00;-54.00;0.0120;-0.0034
-12.00;-53.00;0.0120;-0.0034
-12.00;-52.00;0.0120;-0.0035
-12.00;-51.00;0.0120;-0.0035
-12.00;-50.00;0.0121;-0.0035
-12.00;-49.00;0.0121;-0.0036
-12.00;-48.00;0.0121;-0.0036
-12.00;-47.00;0.0122;-0.0037
-12.00;-46.00;0.0122;-0.0038
-12.00;-45.00;0.0123;-0.0039
-12.00;-44.00;0.0125;-0.0039
-12.00;-43.00;0.0124;-0.0038
-12.00;-42.00;0.0122;-0.0037
-12.00;-41.00;0.0120;-0.0036
-12.00;-40.00;0.0119;-0.0035
-12.00;-39.00;0.0118;-0.0033
-12.00;-38.00;0.0118;-0.0033
-12.00;-37.00;0.0118;-0.0034
-13.00;-77.00;0.0127;0.0215
-13.00;-76.00;0.0125;0.0200
-13.00;-75.00;0.0128;0.0138
-13.00;-74.00;0.0135;0.0098
-13.00;-73.00;0.0144;0.0059
-13.00;-72.00;0.0159;0.0027
-13.00;-71.00;0.0149;0.0005
-13.00;-70.00;0.0136;-0.0001
-13.00;-69.00;0.0136;-0.0010
-13.00;-68.00;0.0135;-0.0013
-13.00;-67.00;0.0128;-0.0018
-13.00;-66.00;0.0124;-0.0020
-13.00;-65.00;0.0121;-0.0018
-13.00;-64.00;0.0119;-0.0018
-13.00;-63.00;0.0118;-0.0019
-13.00;-62.00;0.0117;-0.0021
-13.00;-61.00;0.0118;-0.0023
-13.00;-60.00;0.0118;-0.0025
-13.00;-59.00;0.0118;-0.0028
-13.00;-58.00;0.0118;-0.0029
-13.00;-57.00;0.0119;-0.0031
-13.00;-56.00;0.0119;-0.0032
-13.00;-55.00;0.0120;-0.0034
-13.00;-54.00;0.0119;-0.0033
-13.00;-53.00;0.0120;-0.0034
-13.00;-52.00;0.0120;-0.0034
-13.00;-51.00;0.0120;-0.0034
-13.00;-50.00;0.0121;-0.0035
-13.00;-49.00;0.0121;-0.0035
-13.00;-48.00;0.0121;-0.0036
-13.00;-47.00;0.0121;-0.0036
-13.00;-46.00;0.0122;-0.0038
-13.00;-45.00;0.0124;-0.0038
-13.00;-44.00;0.0127;-0.0041
-13.00;-43.00;0.0126;-0.0041
-13.00;-42.00;0.0123;-0.0039
-13.00;-41.00;0.0121;-0.0036
-13.00;-40.00;0.0120;-0.0034
-13.00;-39.00;0.0118;-0.0031
-13.00;-38.00;0.0118;-0.0032
-14.00;-77.00;0.0126;0.0208
-14.00;-76.00;0.0114;0.0216
-14.00;-75.00;0.0117;0.0165
-14.00;-74.00;0.0121;0.0117
-14.00;-73.00;0.0141;0.0094
-14.00;-72.00;0.0154;0.0067
-14.00;-71.00;0.0142;0.0037
-14.00;-70.00;0.0134;0.0016
-14.00;-69.00;0.0142;0.0001
-14.00;-68.00;0.0141;-0.0017
-14.00;-67.00;0.0133;-0.0029
-14.00;-66.00;0.0131;-0.0022
-14.00;-65.00;0.0126;-0.0019
-14.00;-64.00;0.0125;-0.0018
-14.00;-63.00;0.0120;-0.0018
-14.00;-62.00;0.0118;-0.0020
-14.00;-61.00;0.0118;-0.0022
-14.00;-60.00;0.0118;-0.0023
-14.00;-59.00;0.0118;-0.0026
-14.00;-58.00;0.0119;-0.0028
-14.00;-57.00;0.0120;-0.0031
-14.00;-56.00;0.0120;-0.0033
-14.00;-55.00;0.0120;-0.0034
-14.00;-54.00;0.0120;-0.0033
-14.00;-53.00;0.0120;-0.0034
-14.00;-52.00;0.0120;-0.0034
-14.00;-51.00;0.0120;-0.0034
-14.00;-50.00;0.0121;-0.0034
-14.00;-49.00;0.0121;-0.0035
-14.00;-48.00;0.0122;-0.0035
-14.00;-47.00;0.0121;-0.0036
-14.00;-46.00;0.0122;-0.0037
-14.00;-45.00;0.0123;-0.0037
-14.00;-44.00;0.0125;-0.0039
-14.00;-43.00;0.0126;-0.0040
-14.00;-42.00;0.0124;-0.0039
-14.00;-41.00;0.0122;-0.0036
-14.00;-40.00;0.0120;-0.0035
-14.00;-39.00;0.0119;-0.0034
-15.00;-76.00;0.0117;0.0193
-15.00;-75.00;0.0107;0.0184
-15.00;-74.00;0.0117;0.0162
-15.00;-73.00;0.0139;0.0126
-15.00;-72.00;0.0147;0.0093
-15.00;-71.00;0.0148;0.0055
-15.00;-70.00;0.0146;0.0029
-15.00;-69.00;0.0150;0.0015
-15.00;-68.00;0.0148;-0.0013
-15.00;-67.00;0.0143;-0.0023
-15.00;-66.00;0.0142;-0.0017
-15.00;-65.00;0.0134;-0.0015
-15.00;-64.00;0.0128;-0.0016
-15.00;-63.00;0.0123;-0.0016
-15.00;-62.00;0.0119;-0.0018
-15.00;-61.00;0.0117;-0.0020
-15.00;-60.00;0.0118;-0.0023
-15.00;-59.00;0.0118;-0.0025
-15.00;-58.00;0.0119;-0.0027
-15.00;-57.00;0.0120;-0.0033
-15.00;-56.00;0.0120;-0.0037
-15.00;-55.00;0.0120;-0.0035
-15.00;-54.00;0.0120;-0.0034
-15.00;-53.00;0.0120;-0.0033
-15.00;-52.00;0.0120;-0.0034
-15.00;-51.00;0.0120;-0.0033
-15.00;-50.00;0.0120;-0.0034
-15.00;-49.00;0.0122;-0.0036
-15.00;-48.00;0.0122;-0.0036
-15.00;-47.00;0.0121;-0.0036
-15.00;-46.00;0.0121;-0.0036
-15.00;-45.00;0.0121;-0.0036
-15.00;-44.00;0.0123;-0.0036
-15.00;-43.00;0.0123;-0.0037
-15.00;-42.00;0.0123;-0.0036
-15.00;-41.00;0.0122;-0.0036
-15.00;-40.00;0.0121;-0.0036
-15.00;-39.00;0.0120;-0.0035
-16.00;-75.00;0.0112;0.0196
-16.00;-74.00;0.0109;0.0197
-16.00;-73.00;0.0127;0.0173
-16.00;-72.00;0.0140;0.0127
-16.00;-71.00;0.0150;0.0082
-16.00;-70.00;0.0156;0.0059
-16.00;-69.00;0.0151;0.0040
-16.00;-68.00;0.0157;0.0010
-16.00;-67.00;0.0160;-0.0007
-16.00;-66.00;0.0152;-0.0011
-16.00;-65.00;0.0140;-0.0014
-16.00;-64.00;0.0134;-0.0013
-16.00;-63.00;0.0127;-0.0013
-16.00;-62.00;0.0120;-0.0015
-16.00;-61.00;0.0116;-0.0017
-16.00;-60.00;0.0117;-0.0020
-16.00;-59.00;0.0118;-0.0024
-16.00;-58.00;0.0119;-0.0026
-16.00;-57.00;0.0119;-0.0031
-16.00;-56.00;0.0120;-0.0036
-16.00;-55.00;0.0121;-0.0035
-16.00;-54.00;0.0120;-0.0033
-16.00;-53.00;0.0121;-0.0033
-16.00;-52.00;0.0120;-0.0033
-16.00;-51.00;0.0119;-0.0033
-16.00;-50.00;0.0120;-0.0035
-16.00;-49.00;0.0120;-0.0035
-16.00;-48.00;0.0124;-0.0038
-16.00;-47.00;0.0121;-0.0036
-16.00;-46.00;0.0120;-0.0036
-16.00;-45.00;0.0120;-0.0033
-16.00;-44.00;0.0119;-0.0033
-16.00;-43.00;0.0121;-0.0035
-16.00;-42.00;0.0123;-0.0035
-16.00;-41.00;0.0123;-0.0036
-16.00;-40.00;0.0122;-0.0035
-16.00;-39.00;0.0120;-0.0036
-17.00;-73.00;0.0131;0.0195
-17.00;-72.00;0.0141;0.0177
-17.00;-71.00;0.0161;0.0143
-17.00;-70.00;0.0165;0.0096
-17.00;-69.00;0.0151;0.0085
-17.00;-68.00;0.0156;0.0066
-17.00;-67.00;0.0163;0.0030
-17.00;-66.00;0.0160;-0.0013
-17.00;-65.00;0.0149;-0.0009
-17.00;-64.00;0.0142;-0.0004
-17.00;-63.00;0.0129;-0.0011
-17.00;-62.00;0.0118;-0.0014
-17.00;-61.00;0.0112;-0.0011
-17.00;-60.00;0.0115;-0.0017
-17.00;-59.00;0.0117;-0.0022
-17.00;-58.00;0.0118;-0.0025
-17.00;-57.00;0.0119;-0.0026
-17.00;-56.00;0.0119;-0.0029
-17.00;-55.00;0.0120;-0.0031
-17.00;-54.00;0.0120;-0.0032
-17.00;-53.00;0.0121;-0.0031
-17.00;-52.00;0.0119;-0.0032
-17.00;-51.00;0.0119;-0.0032
-17.00;-50.00;0.0119;-0.0033
-17.00;-49.00;0.0119;-0.0034
-17.00;-48.00;0.0119;-0.0034
-17.00;-47.00;0.0119;-0.0035
-17.00;-46.00;0.0119;-0.0035
-17.00;-45.00;0.0119;-0.0033
-17.00;-44.00;0.0118;-0.0032
-17.00;-43.00;0.0120;-0.0033
-17.00;-42.00;0.0123;-0.0035
-17.00;-41.00;0.0123;-0.0036
-17.00;-40.00;0.0122;-0.0036
-17.00;-39.00;0.0121;-0.0037
-18.00;-72.00;0.0155;0.0203
-18.00;-71.00;0.0168;0.0197
-18.00;-70.00;0.0180;0.0160
-18.00;-69.00;0.0177;0.0126
-18.00;-68.00;0.0170;0.0105
-18.00;-67.00;0.0169;0.0075
-18.00;-66.00;0.0154;0.0060
-18.00;-65.00;0.0147;0.0040
-18.00;-64.00;0.0147;0.0016
-18.00;-63.00;0.0127;-0.0023
-18.00;-62.00;0.0118;-0.0017
-18.00;-61.00;0.0108;-0.0005
-18.00;-60.00;0.0112;-0.0008
-18.00;-59.00;0.0117;-0.0020
-18.00;-58.00;0.0118;-0.0022
-18.00;-57.00;0.0119;-0.0024
-18.00;-56.00;0.0119;-0.0027
-18.00;-55.00;0.0120;-0.0029
-18.00;-54.00;0.0120;-0.0030
-18.00;-53.00;0.0121;-0.0031
-18.00;-52.00;0.0120;-0.0031
-18.00;-51.00;0.0119;-0.0032
-18.00;-50.00;0.0118;-0.0033
-18.00;-49.00;0.0116;-0.0033
-18.00;-48.00;0.0115;-0.0035
-18.00;-47.00;0.0117;-0.0035
-18.00;-46.00;0.0119;-0.0034
-18.00;-45.00;0.0119;-0.0034
-18.00;-44.00;0.0120;-0.0033
-18.00;-43.00;0.0122;-0.0034
-18.00;-42.00;0.0124;-0.0036
-18.00;-41.00;0.0124;-0.0036
-18.00;-40.00;0.0122;-0.0037
-18.00;-39.00;0.0121;-0.0038
-19.00;-71.00;0.0157;0.0205
-19.00;-70.00;0.0156;0.0197
-19.00;-69.00;0.0172;0.0189
-19.00;-68.00;0.0174;0.0136
-19.00;-67.00;0.0166;0.0098
-19.00;-66.00;0.0158;0.0080
-19.00;-65.00;0.0139;0.0085
-19.00;-64.00;0.0137;0.0046
-19.00;-63.00;0.0123;-0.0007
-19.00;-62.00;0.0119;-0.0014
-19.00;-61.00;0.0115;-0.0013
-19.00;-60.00;0.0116;-0.0014
-19.00;-59.00;0.0117;-0.0018
-19.00;-58.00;0.0118;-0.0022
-19.00;-57.00;0.0119;-0.0023
-19.00;-56.00;0.0118;-0.0025
-19.00;-55.00;0.0120;-0.0027
-19.00;-54.00;0.0119;-0.0027
-19.00;-53.00;0.0120;-0.0028
-19.00;-52.00;0.0120;-0.0030
-19.00;-51.00;0.0118;-0.0030
-19.00;-50.00;0.0117;-0.0031
-19.00;-49.00;0.0114;-0.0034
-19.00;-48.00;0.0112;-0.0034
-19.00;-47.00;0.0115;-0.0034
-19.00;-46.00;0.0118;-0.0034
-19.00;-45.00;0.0119;-0.0034
-19.00;-44.00;0.0120;-0.0034
-19.00;-43.00;0.0123;-0.0035
-19.00;-42.00;0.0127;-0.0037
-19.00;-41.00;0.0124;-0.0037
-19.00;-40.00;0.0122;-0.0038
-19.00;-39.00;0.0121;-0.0039
-20.00;-71.00;0.0168;0.0232
-20.00;-70.00;0.0153;0.0195
-20.00;-69.00;0.0178;0.0216
-20.00;-68.00;0.0167;0.0151
-20.00;-67.00;0.0173;0.0086
-20.00;-66.00;0.0160;0.0064
-20.00;-65.00;0.0141;0.0054
-20.00;-64.00;0.0123;0.0035
-20.00;-63.00;0.0117;0.0010
-20.00;-62.00;0.0117;-0.0007
-20.00;-61.00;0.0117;-0.0013
-20.00;-60.00;0.0117;-0.0014
-20.00;-59.00;0.0117;-0.0017
-20.00;-58.00;0.0118;-0.0020
-20.00;-57.00;0.0119;-0.0023
-20.00;-56.00;0.0118;-0.0023
-20.00;-55.00;0.0120;-0.0026
-20.00;-54.00;0.0120;-0.0026
-20.00;-53.00;0.0120;-0.0027
-20.00;-52.00;0.0119;-0.0028
-20.00;-51.00;0.0118;-0.0029
-20.00;-50.00;0.0118;-0.0031
-20.00;-49.00;0.0115;-0.0032
-20.00;-48.00;0.0114;-0.0032
-20.00;-47.00;0.0115;-0.0033
-20.00;-46.00;0.0117;-0.0033
-20.00;-45.00;0.0118;-0.0034
-20.00;-44.00;0.0120;-0.0035
-20.00;-43.00;0.0123;-0.0036
-20.00;-42.00;0.0124;-0.0036
-20.00;-41.00;0.0123;-0.0038
-20.00;-40.00;0.0122;-0.0039
-21.00;-71.00;0.0175;0.0251
-21.00;-70.00;0.0201;0.0269
-21.00;-69.00;0.0165;0.0187
-21.00;-68.00;0.0143;0.0146
-21.00;-67.00;0.0154;0.0113
-21.00;-66.00;0.0147;0.0081
-21.00;-65.00;0.0129;0.0054
-21.00;-64.00;0.0116;0.0025
-21.00;-63.00;0.0116;-0.0000
-21.00;-62.00;0.0115;-0.0013
-21.00;-61.00;0.0118;-0.0014
-21.00;-60.00;0.0118;-0.0015
-21.00;-59.00;0.0117;-0.0016
-21.00;-58.00;0.0117;-0.0019
-21.00;-57.00;0.0118;-0.0022
-21.00;-56.00;0.0119;-0.0023
-21.00;-55.00;0.0120;-0.0024
-21.00;-54.00;0.0120;-0.0025
-21.00;-53.00;0.0121;-0.0026
-21.00;-52.00;0.0120;-0.0026
-21.00;-51.00;0.0119;-0.0027
-21.00;-50.00;0.0118;-0.0029
-21.00;-49.00;0.0117;-0.0030
-21.00;-48.00;0.0116;-0.0032
-21.00;-47.00;0.0115;-0.0032
-21.00;-46.00;0.0115;-0.0032
-21.00;-45.00;0.0117;-0.0034
-21.00;-44.00;0.0120;-0.0035
-21.00;-43.00;0.0123;-0.0035
-21.00;-42.00;0.0123;-0.0037
-21.00;-41.00;0.0122;-0.0038
-21.00;-40.00;0.0121;-0.0039
-22.00;-71.00;0.0177;0.0259
-22.00;-70.00;0.0190;0.0269
-22.00;-69.00;0.0163;0.0202
-22.00;-68.00;0.0156;0.0160
-22.00;-67.00;0.0144;0.0127
-22.00;-66.00;0.0135;0.0092
-22.00;-65.00;0.0121;0.0064
-22.00;-64.00;0.0116;0.0031
-22.00;-63.00;0.0116;0.0002
-22.00;-62.00;0.0120;-0.0009
-22.00;-61.00;0.0120;-0.0010
-22.00;-60.00;0.0119;-0.0014
-22.00;-59.00;0.0118;-0.0016
-22.00;-58.00;0.0117;-0.0019
-22.00;-57.00;0.0119;-0.0020
-22.00;-56.00;0.0119;-0.0021
-22.00;-55.00;0.0121;-0.0022
-22.00;-54.00;0.0121;-0.0023
-22.00;-53.00;0.0122;-0.0024
-22.00;-52.00;0.0121;-0.0025
-22.00;-51.00;0.0119;-0.0027
-22.00;-50.00;0.0119;-0.0027
-22.00;-49.00;0.0118;-0.0029
-22.00;-48.00;0.0117;-0.0030
-22.00;-47.00;0.0116;-0.0032
-22.00;-46.00;0.0115;-0.0033
-22.00;-45.00;0.0117;-0.0032
-22.00;-44.00;0.0120;-0.0035
-22.00;-43.00;0.0121;-0.0037
-22.00;-42.00;0.0121;-0.0038
-22.00;-41.00;0.0121;-0.0039
-23.00;-71.00;0.0183;0.0233
-23.00;-70.00;0.0157;0.0247
-23.00;-69.00;0.0155;0.0207
-23.00;-68.00;0.0152;0.0152
-23.00;-67.00;0.0144;0.0115
-23.00;-66.00;0.0132;0.0092
-23.00;-65.00;0.0125;0.0070
-23.00;-64.00;0.0123;0.0045
-23.00;-63.00;0.0122;0.0024
-23.00;-62.00;0.0121;0.0008
-23.00;-61.00;0.0120;-0.0003
-23.00;-60.00;0.0118;-0.0010
-23.00;-59.00;0.0116;-0.0016
-23.00;-58.00;0.0118;-0.0017
-23.00;-57.00;0.0119;-0.0018
-23.00;-56.00;0.0120;-0.0020
-23.00;-55.00;0.0122;-0.0021
-23.00;-54.00;0.0122;-0.0022
-23.00;-53.00;0.0122;-0.0022
-23.00;-52.00;0.0121;-0.0024
-23.00;-51.00;0.0120;-0.0026
-23.00;-50.00;0.0120;-0.0027
-23.00;-49.00;0.0119;-0.0029
-23.00;-48.00;0.0118;-0.0031
-23.00;-47.00;0.0117;-0.0032
-23.00;-46.00;0.0116;-0.0033
-23.00;-45.00;0.0116;-0.0034
-23.00;-44.00;0.0119;-0.0036
-23.00;-43.00;0.0117;-0.0041
-23.00;-42.00;0.0119;-0.0040
-24.00;-71.00;0.0177;0.0218
-24.00;-70.00;0.0174;0.0228
-24.00;-69.00;0.0141;0.0173
-24.00;-68.00;0.0147;0.0096
-24.00;-67.00;0.0141;0.0090
-24.00;-66.00;0.0131;0.0074
-24.00;-65.00;0.0129;0.0060
-24.00;-64.00;0.0133;0.0048
-24.00;-63.00;0.0128;0.0033
-24.00;-62.00;0.0122;0.0017
-24.00;-61.00;0.0118;0.0002
-24.00;-60.00;0.0119;-0.0007
-24.00;-59.00;0.0116;-0.0015
-24.00;-58.00;0.0119;-0.0016
-24.00;-57.00;0.0121;-0.0017
-24.00;-56.00;0.0121;-0.0018
-24.00;-55.00;0.0123;-0.0019
-24.00;-54.00;0.0124;-0.0021
-24.00;-53.00;0.0123;-0.0022
-24.00;-52.00;0.0122;-0.0024
-24.00;-51.00;0.0120;-0.0026
-24.00;-50.00;0.0120;-0.0027
-24.00;-49.00;0.0120;-0.0030
-24.00;-48.00;0.0120;-0.0031
-24.00;-47.00;0.0118;-0.0032
-24.00;-46.00;0.0116;-0.0034
-25.00;-71.00;0.0167;0.0242
-25.00;-70.00;0.0178;0.0225
-25.00;-69.00;0.0136;0.0132
-25.00;-68.00;0.0149;0.0096
-25.00;-67.00;0.0142;0.0080
-25.00;-66.00;0.0129;0.0062
-25.00;-65.00;0.0135;0.0052
-25.00;-64.00;0.0153;0.0050
-25.00;-63.00;0.0126;0.0036
-25.00;-62.00;0.0122;0.0019
-25.00;-61.00;0.0117;0.0004
-25.00;-60.00;0.0116;-0.0008
-25.00;-59.00;0.0117;-0.0014
-25.00;-58.00;0.0120;-0.0016
-25.00;-57.00;0.0122;-0.0017
-25.00;-56.00;0.0123;-0.0018
-25.00;-55.00;0.0126;-0.0018
-25.00;-54.00;0.0126;-0.0019
-25.00;-53.00;0.0124;-0.0021
-25.00;-52.00;0.0122;-0.0023
-25.00;-51.00;0.0120;-0.0025
-25.00;-50.00;0.0120;-0.0028
-25.00;-49.00;0.0120;-0.0030
-25.00;-48.00;0.0123;-0.0031
-25.00;-47.00;0.0119;-0.0031
-26.00;-71.00;0.0175;0.0259
-26.00;-70.00;0.0176;0.0204
-26.00;-69.00;0.0164;0.0158
-26.00;-68.00;0.0157;0.0119
-26.00;-67.00;0.0142;0.0083
-26.00;-66.00;0.0132;0.0058
-26.00;-65.00;0.0135;0.0047
-26.00;-64.00;0.0139;0.0041
-26.00;-63.00;0.0128;0.0030
-26.00;-62.00;0.0120;0.0018
-26.00;-61.00;0.0116;0.0004
-26.00;-60.00;0.0118;-0.0004
-26.00;-59.00;0.0116;-0.0012
-26.00;-58.00;0.0119;-0.0014
-26.00;-57.00;0.0122;-0.0015
-26.00;-56.00;0.0123;-0.0016
-26.00;-55.00;0.0127;-0.0017
-26.00;-54.00;0.0126;-0.0019
-26.00;-53.00;0.0124;-0.0020
-26.00;-52.00;0.0122;-0.0022
-26.00;-51.00;0.0120;-0.0024
-26.00;-50.00;0.0120;-0.0026
-26.00;-49.00;0.0120;-0.0029
-26.00;-48.00;0.0120;-0.0030
-27.00;-71.00;0.0191;0.0250
-27.00;-70.00;0.0170;0.0207
-27.00;-69.00;0.0173;0.0144
-27.00;-68.00;0.0160;0.0117
-27.00;-67.00;0.0129;0.0059
-27.00;-66.00;0.0125;0.0038
-27.00;-65.00;0.0118;0.0030
-27.00;-64.00;0.0130;0.0035
-27.00;-63.00;0.0123;0.0028
-27.00;-62.00;0.0116;0.0015
-27.00;-61.00;0.0116;0.0004
-27.00;-60.00;0.0114;-0.0005
-27.00;-59.00;0.0117;-0.0009
-27.00;-58.00;0.0119;-0.0011
-27.00;-57.00;0.0121;-0.0013
-27.00;-56.00;0.0122;-0.0015
-27.00;-55.00;0.0124;-0.0016
-27.00;-54.00;0.0124;-0.0018
-27.00;-53.00;0.0123;-0.0020
-27.00;-52.00;0.0122;-0.0022
-27.00;-51.00;0.0120;-0.0024
-27.00;-50.00;0.0120;-0.0026
-27.00;-49.00;0.0120;-0.0027
-27.00;-48.00;0.0120;-0.0028
-28.00;-72.00;0.0184;0.0228
-28.00;-71.00;0.0196;0.0246
-28.00;-70.00;0.0171;0.0203
-28.00;-69.00;0.0160;0.0153
-28.00;-68.00;0.0138;0.0095
-28.00;-67.00;0.0125;0.0052
-28.00;-66.00;0.0129;0.0040
-28.00;-65.00;0.0120;0.0013
-28.00;-64.00;0.0134;0.0053
-28.00;-63.00;0.0122;0.0027
-28.00;-62.00;0.0115;0.0014
-28.00;-61.00;0.0115;0.0004
-28.00;-60.00;0.0117;0.0001
-28.00;-59.00;0.0116;-0.0006
-28.00;-58.00;0.0118;-0.0008
-28.00;-57.00;0.0120;-0.0010
-28.00;-56.00;0.0121;-0.0013
-28.00;-55.00;0.0122;-0.0016
-28.00;-54.00;0.0121;-0.0019
-28.00;-53.00;0.0122;-0.0020
-28.00;-52.00;0.0122;-0.0021
-28.00;-51.00;0.0121;-0.0023
-28.00;-50.00;0.0121;-0.0024
-28.00;-49.00;0.0120;-0.0026
-28.00;-48.00;0.0120;-0.0027
-29.00;-72.00;0.0188;0.0216
-29.00;-71.00;0.0181;0.0212
-29.00;-70.00;0.0167;0.0192
-29.00;-69.00;0.0157;0.0131
-29.00;-68.00;0.0131;0.0084
-29.00;-67.00;0.0131;0.0065
-29.00;-66.00;0.0131;0.0050
-29.00;-65.00;0.0137;0.0033
-29.00;-64.00;0.0118;0.0020
-29.00;-63.00;0.0115;0.0013
-29.00;-62.00;0.0115;0.0008
-29.00;-61.00;0.0116;0.0004
-29.00;-60.00;0.0117;-0.0001
-29.00;-59.00;0.0117;-0.0003
-29.00;-58.00;0.0116;-0.0005
-29.00;-57.00;0.0119;-0.0009
-29.00;-56.00;0.0120;-0.0012
-29.00;-55.00;0.0121;-0.0016
-29.00;-54.00;0.0122;-0.0019
-29.00;-53.00;0.0122;-0.0019
-29.00;-52.00;0.0122;-0.0020
-29.00;-51.00;0.0121;-0.0021
-29.00;-50.00;0.0122;-0.0022
-29.00;-49.00;0.0120;-0.0025
-30.00;-72.00;0.0183;0.0204
-30.00;-71.00;0.0179;0.0178
-30.00;-70.00;0.0175;0.0179
-30.00;-69.00;0.0153;0.0116
-30.00;-68.00;0.0129;0.0062
-30.00;-67.00;0.0129;0.0057
-30.00;-66.00;0.0124;0.0039
-30.00;-65.00;0.0123;0.0020
-30.00;-64.00;0.0099;-0.0004
-30.00;-63.00;0.0108;0.0004
-30.00;-62.00;0.0116;0.0007
-30.00;-61.00;0.0117;0.0003
-30.00;-60.00;0.0125;0.0005
-30.00;-59.00;0.0114;-0.0004
-30.00;-58.00;0.0125;-0.0003
-30.00;-57.00;0.0119;-0.0009
-30.00;-56.00;0.0119;-0.0012
-30.00;-55.00;0.0120;-0.0016
-30.00;-54.00;0.0121;-0.0018
-30.00;-53.00;0.0122;-0.0019
-30.00;-52.00;0.0122;-0.0020
-30.00;-51.00;0.0123;-0.0019
-30.00;-50.00;0.0122;-0.0022
-31.00;-72.00;0.0183;0.0243
-31.00;-71.00;0.0175;0.0200
-31.00;-70.00;0.0169;0.0167
-31.00;-69.00;0.0147;0.0116
-31.00;-68.00;0.0131;0.0077
-31.00;-67.00;0.0113;0.0038
-31.00;-66.00;0.0118;0.0027
-31.00;-65.00;0.0116;0.0016
-31.00;-64.00;0.0117;0.0019
-31.00;-63.00;0.0117;0.0017
-31.00;-62.00;0.0118;0.0011
-31.00;-61.00;0.0119;0.0005
-31.00;-60.00;0.0118;-0.0001
-31.00;-59.00;0.0117;-0.0004
-31.00;-58.00;0.0118;-0.0006
-31.00;-57.00;0.0119;-0.0009
-31.00;-56.00;0.0119;-0.0012
-31.00;-55.00;0.0119;-0.0015
-31.00;-54.00;0.0120;-0.0018
-31.00;-53.00;0.0120;-0.0019
-31.00;-52.00;0.0120;-0.0020
-31.00;-51.00;0.0121;-0.0021
-31.00;-50.00;0.0120;-0.0022
-32.00;-72.00;0.0192;0.0232
-32.00;-71.00;0.0182;0.0218
-32.00;-70.00;0.0168;0.0169
-32.00;-69.00;0.0139;0.0103
-32.00;-68.00;0.0124;0.0063
-32.00;-67.00;0.0115;0.0031
-32.00;-66.00;0.0108;0.0021
-32.00;-65.00;0.0122;0.0017
-32.00;-64.00;0.0120;0.0024
-32.00;-63.00;0.0119;0.0021
-32.00;-62.00;0.0120;0.0013
-32.00;-61.00;0.0118;0.0006
-32.00;-60.00;0.0119;0.0001
-32.00;-59.00;0.0117;-0.0003
-32.00;-58.00;0.0118;-0.0006
-32.00;-57.00;0.0118;-0.0011
-32.00;-56.00;0.0117;-0.0013
-32.00;-55.00;0.0118;-0.0016
-32.00;-54.00;0.0118;-0.0018
-32.00;-53.00;0.0118;-0.0020
-32.00;-52.00;0.0119;-0.0020
-32.00;-51.00;0.0119;-0.0022
-33.00;-72.00;0.0205;0.0260
-33.00;-71.00;0.0178;0.0232
-33.00;-70.00;0.0152;0.0169
-33.00;-69.00;0.0131;0.0090
-33.00;-68.00;0.0120;0.0058
-33.00;-67.00;0.0102;0.0028
-33.00;-66.00;0.0120;0.0025
-33.00;-65.00;0.0122;0.0023
-33.00;-64.00;0.0119;0.0025
-33.00;-63.00;0.0119;0.0022
-33.00;-62.00;0.0116;0.0013
-33.00;-61.00;0.0121;0.0006
-33.00;-60.00;0.0120;0.0001
-33.00;-59.00;0.0117;-0.0003
-33.00;-58.00;0.0118;-0.0008
-33.00;-57.00;0.0117;-0.0012
-33.00;-56.00;0.0116;-0.0016
-33.00;-55.00;0.0116;-0.0020
-33.00;-54.00;0.0116;-0.0023
-33.00;-53.00;0.0117;-0.0025
-33.00;-52.00;0.0118;-0.0024
-34.00;-72.00;0.0205;0.0258
-34.00;-71.00;0.0184;0.0208
-34.00;-70.00;0.0164;0.0156
-34.00;-69.00;0.0146;0.0095
-34.00;-68.00;0.0124;0.0067
-34.00;-67.00;0.0114;0.0048
-34.00;-66.00;0.0118;0.0037
-34.00;-65.00;0.0127;0.0026
-34.00;-64.00;0.0121;0.0028
-34.00;-63.00;0.0118;0.0021
-34.00;-62.00;0.0117;0.0015
-34.00;-61.00;0.0117;0.0008
-34.00;-60.00;0.0118;0.0002
-34.00;-59.00;0.0117;-0.0004
-34.00;-58.00;0.0117;-0.0009
-34.00;-57.00;0.0116;-0.0015
-34.00;-56.00;0.0114;-0.0019
-34.00;-55.00;0.0115;-0.0023
-34.00;-54.00;0.0114;-0.0026
-34.00;-53.00;0.0117;-0.0026
-35.00;-73.00;0.0213;0.0314
-35.00;-72.00;0.0215;0.0310
-35.00;-71.00;0.0187;0.0249
-35.00;-70.00;0.0161;0.0117
-35.00;-69.00;0.0132;0.0071
-35.00;-68.00;0.0122;0.0055
-35.00;-67.00;0.0116;0.0049
-35.00;-66.00;0.0119;0.0042
-35.00;-65.00;0.0138;0.0045
-35.00;-64.00;0.0121;0.0032
-35.00;-63.00;0.0117;0.0024
-35.00;-62.00;0.0115;0.0017
-35.00;-61.00;0.0113;0.0009
-35.00;-60.00;0.0115;0.0004
-35.00;-59.00;0.0116;-0.0002
-35.00;-58.00;0.0119;-0.0010
-35.00;-57.00;0.0115;-0.0017
-35.00;-56.00;0.0113;-0.0024
-35.00;-55.00;0.0116;-0.0021
-35.00;-54.00;0.0116;-0.0021
-36.00;-73.00;0.0228;0.0363
-36.00;-72.00;0.0180;0.0298
-36.00;-71.00;0.0147;0.0203
-36.00;-70.00;0.0117;0.0106
-36.00;-69.00;0.0114;0.0078
-36.00;-68.00;0.0110;0.0042
-36.00;-67.00;0.0109;0.0026
-36.00;-66.00;0.0116;0.0034
-36.00;-65.00;0.0121;0.0032
-36.00;-64.00;0.0117;0.0028
-36.00;-63.00;0.0115;0.0023
-36.00;-62.00;0.0112;0.0019
-36.00;-61.00;0.0113;0.0015
-36.00;-60.00;0.0113;0.0009
-36.00;-59.00;0.0115;0.0002
-36.00;-58.00;0.0116;-0.0005
-36.00;-57.00;0.0117;-0.0011
-36.00;-56.00;0.0116;-0.0014
-37.00;-74.00;0.0227;0.0340
-37.00;-73.00;0.0222;0.0305
-37.00;-72.00;0.0158;0.0249
-37.00;-71.00;0.0120;0.0169
-37.00;-70.00;0.0093;0.0100
-37.00;-69.00;0.0096;0.0055
-37.00;-68.00;0.0099;0.0034
-37.00;-67.00;0.0106;0.0022
-37.00;-66.00;0.0113;0.0026
-37.00;-65.00;0.0113;0.0025
-37.00;-64.00;0.0111;0.0022
-37.00;-63.00;0.0109;0.0023
-37.00;-62.00;0.0106;0.0022
-37.00;-61.00;0.0111;0.0019
-37.00;-60.00;0.0111;0.0014
-37.00;-59.00;0.0114;0.0009
-37.00;-58.00;0.0118;-0.0000
-37.00;-57.00;0.0119;-0.0007
-37.00;-56.00;0.0117;-0.0010
-38.00;-74.00;0.0218;0.0254
-38.00;-73.00;0.0195;0.0193
-38.00;-72.00;0.0136;0.0115
-38.00;-71.00;0.0091;0.0075
-38.00;-70.00;0.0081;0.0053
-38.00;-69.00;0.0090;0.0026
-38.00;-68.00;0.0101;0.0024
-38.00;-67.00;0.0109;0.0028
-38.00;-66.00;0.0107;0.0021
-38.00;-65.00;0.0106;0.0009
-38.00;-64.00;0.0109;0.0013
-38.00;-63.00;0.0107;0.0015
-38.00;-62.00;0.0096;0.0036
-38.00;-61.00;0.0104;0.0026
-38.00;-60.00;0.0107;0.0015
-38.00;-59.00;0.0110;0.0009
-38.00;-58.00;0.0119;-0.0002
-38.00;-57.00;0.0122;-0.0006
-39.00;-74.00;0.0203;0.0204
-39.00;-73.00;0.0183;0.0142
-39.00;-72.00;0.0137;0.0051
-39.00;-71.00;0.0086;0.0005
-39.00;-70.00;0.0070;0.0004
-39.00;-69.00;0.0119;-0.0001
-39.00;-68.00;0.0116;0.0016
-39.00;-67.00;0.0114;0.0018
-39.00;-66.00;0.0110;0.0015
-39.00;-65.00;0.0110;0.0010
-39.00;-64.00;0.0111;0.0007
-39.00;-63.00;0.0110;0.0003
-39.00;-62.00;0.0108;0.0002
-39.00;-61.00;0.0105;0.0010
-39.00;-60.00;0.0109;0.0009
-39.00;-59.00;0.0112;0.0005
-39.00;-58.00;0.0116;-0.0001
-40.00;-74.00;0.0200;0.0207
-40.00;-73.00;0.0189;0.0112
-40.00;-72.00;0.0148;0.0008
-40.00;-71.00;0.0108;-0.0027
-40.00;-70.00;0.0104;-0.0024
-40.00;-69.00;0.0120;-0.0014
-40.00;-68.00;0.0120;-0.0003
-40.00;-67.00;0.0119;0.0008
-40.00;-66.00;0.0117;0.0010
-40.00;-65.00;0.0112;0.0003
-40.00;-64.00;0.0115;0.0004
-40.00;-63.00;0.0111;-0.0002
-40.00;-62.00;0.0111;-0.0001
-41.00;-75.00;0.0194;0.0185
-41.00;-74.00;0.0205;0.0178
-41.00;-73.00;0.0155;0.0061
-41.00;-72.00;0.0134;-0.0016
-41.00;-71.00;0.0102;-0.0075
-41.00;-70.00;0.0120;-0.0064
-41.00;-69.00;0.0122;-0.0027
-41.00;-68.00;0.0124;-0.0010
-41.00;-67.00;0.0123;-0.0000
-41.00;-66.00;0.0121;0.0007
-41.00;-65.00;0.0115;-0.0005
-41.00;-64.00;0.0116;-0.0002
-41.00;-63.00;0.0115;-0.0007
-41.00;-62.00;0.0112;-0.0009
-42.00;-75.00;0.0187;0.0144
-42.00;-74.00;0.0198;0.0133
-42.00;-73.00;0.0147;0.0020
-42.00;-72.00;0.0121;-0.0047
-42.00;-71.00;0.0125;-0.0058
-42.00;-70.00;0.0126;-0.0040
-42.00;-69.00;0.0127;-0.0024
-42.00;-68.00;0.0127;-0.0015
-42.00;-67.00;0.0124;-0.0008
-42.00;-66.00;0.0123;-0.0004
-42.00;-65.00;0.0120;-0.0004
-42.00;-64.00;0.0119;-0.0002
-42.00;-63.00;0.0116;-0.0012
-42.00;-62.00;0.0115;-0.0013
-43.00;-75.00;0.0170;0.0101
-43.00;-74.00;0.0158;0.0069
-43.00;-73.00;0.0134;0.0026
-43.00;-72.00;0.0125;-0.0005
-43.00;-71.00;0.0128;-0.0021
-43.00;-70.00;0.0129;-0.0022
-43.00;-69.00;0.0129;-0.0016
-43.00;-68.00;0.0127;-0.0014
-43.00;-67.00;0.0126;-0.0012
-43.00;-66.00;0.0124;-0.0015
-43.00;-65.00;0.0119;-0.0016
-43.00;-64.00;0.0120;-0.0003
-44.00;-75.00;0.0156;0.0073
-44.00;-74.00;0.0145;0.0045
-44.00;-73.00;0.0132;0.0024
-44.00;-72.00;0.0125;0.0004
-44.00;-71.00;0.0126;-0.0006
-44.00;-70.00;0.0128;-0.0016
-44.00;-69.00;0.0129;-0.0018
-44.00;-68.00;0.0128;-0.0017
-44.00;-67.00;0.0126;-0.0016
-44.00;-66.00;0.0125;-0.0015
-44.00;-65.00;0.0122;-0.0012
-45.00;-75.00;0.0147;0.0058
-45.00;-74.00;0.0138;0.0035
-45.00;-73.00;0.0128;0.0010
-45.00;-72.00;0.0118;-0.0012
-45.00;-71.00;0.0122;-0.0020
-45.00;-70.00;0.0128;-0.0025
-45.00;-69.00;0.0133;-0.0029
-45.00;-68.00;0.0130;-0.0032
-45.00;-67.00;0.0128;-0.0020
-45.00;-66.00;0.0127;-0.0016
-45.00;-65.00;0.0125;-0.0012
-46.00;-75.00;0.0134;0.0027
-46.00;-74.00;0.0131;0.0022
-46.00;-73.00;0.0123;-0.0003
-46.00;-72.00;0.0121;-0.0030
-46.00;-71.00;0.0126;-0.0027
-46.00;-70.00;0.0129;-0.0028
-46.00;-69.00;0.0132;-0.0050
-46.00;-68.00;0.0132;-0.0051
-46.00;-67.00;0.0131;-0.0028
-46.00;-66.00;0.0129;-0.0018
-47.00;-75.00;0.0132;0.0029
-47.00;-74.00;0.0126;0.0023
-47.00;-73.00;0.0126;0.0009
-47.00;-72.00;0.0128;-0.0003
-47.00;-71.00;0.0116;0.0019
-47.00;-70.00;0.0125;-0.0005
-47.00;-69.00;0.0130;-0.0019
-47.00;-68.00;0.0135;-0.0027
-47.00;-67.00;0.0132;-0.0022
-47.00;-66.00;0.0127;-0.0028
-47.00;-65.00;0.0127;-0.0022
-48.00;-75.00;0.0126;0.0040
-48.00;-74.00;0.0123;0.0034
-48.00;-73.00;0.0114;0.0039
-48.00;-72.00;0.0120;0.0023
-48.00;-71.00;0.0122;0.0020
-48.00;-70.00;0.0123;0.0013
-48.00;-69.00;0.0124;0.0007
-48.00;-68.00;0.0129;-0.0003
-48.00;-67.00;0.0129;-0.0010
-48.00;-66.00;0.0126;-0.0022
-48.00;-65.00;0.0127;-0.0016
-49.00;-75.00;0.0124;0.0041
-49.00;-74.00;0.0122;0.0039
-49.00;-73.00;0.0118;0.0036
-49.00;-72.00;0.0120;0.0030
-49.00;-71.00;0.0121;0.0026
-49.00;-70.00;0.0123;0.0022
-49.00;-69.00;0.0124;0.0016
-49.00;-68.00;0.0126;0.0011
-49.00;-67.00;0.0127;0.0006
-50.00;-75.00;0.0123;0.0043
-50.00;-74.00;0.0121;0.0040
-50.00;-73.00;0.0120;0.0037
-50.00;-72.00;0.0120;0.0035
-50.00;-71.00;0.0118;0.0036
-50.00;-70.00;0.0121;0.0028
-50.00;-69.00;0.0123;0.0025
-50.00;-68.00;0.0125;0.0020
-51.00;-75.00;0.0122;0.0046
-51.00;-74.00;0.0122;0.0043
-51.00;-73.00;0.0121;0.0040
-51.00;-72.00;0.0122;0.0037
-51.00;-71.00;0.0122;0.0036
-51.00;-70.00;0.0122;0.0033
-51.00;-69.00;0.0122;0.0031
-52.00;-74.00;0.0122;0.0045
-52.00;-73.00;0.0123;0.0042
-52.00;-72.00;0.0125;0.0038
-52.00;-71.00;0.0129;0.0032
-52.00;-70.00;0.0131;0.0038
-52.00;-69.00;0.0120;0.0037
-53.00;-74.00;0.0122;0.0049
-53.00;-73.00;0.0124;0.0045
-53.00;-72.00;0.0125;0.0046
-53.00;-71.00;0.0133;0.0048
-53.00;-70.00;0.0126;0.0042
-53.00;-69.00;0.0126;0.0035
-53.00;-68.00;0.0120;0.0036
-54.00;-72.00;0.0126;0.0046
-54.00;-71.00;0.0130;0.0042
-54.00;-70.00;0.0126;0.0053
-54.00;-69.00;0.0120;0.0054
-54.00;-68.00;0.0117;0.0053
-54.00;-67.00;0.0109;0.0045
-55.00;-70.00;0.0125;0.0062
-55.00;-69.00;0.0121;0.0082
-55.00;-68.00;0.0113;0.0092
-55.00;-67.00;0.0105;0.0091
-55.00;-66.00;0.0107;0.0071
