VEMOS2015inITRF2014
20;-76;-0.005;-0.0018
20;-75;-0.0038;0.0093
20;-74;-0.0036;0.0092
20;-73;-0.004;0.0078
20;-72;-0.0051;0.0055
19;-80;-0.0037;0.0129
19;-79;-0.0047;0.0114
19;-78;-0.0046;0.0114
19;-77;-0.0046;0.0104
19;-76;-0.0041;0.0105
19;-75;-0.0036;0.0104
19;-74;-0.0031;0.0106
19;-73;-0.0038;0.0087
19;-72;-0.0045;0.0071
19;-71;-0.0027;0.0071
19;-70;-0.0031;0.0079
19;-69;-0.0008;0.0101
19;-68;0.0012;0.0109
19;-67;0.0018;0.0116
19;-66;0.0021;0.0121
19;-65;0.0028;0.0122
19;-64;0.0034;0.0122
19;-63;0.0042;0.0136
19;-62;0.0049;0.014
18;-81;-0.0035;0.014
18;-80;-0.0032;0.0138
18;-79;-0.0045;0.0122
18;-78;-0.0041;0.0123
18;-77;-0.0038;0.0121
18;-76;-0.0033;0.0124
18;-75;-0.0032;0.0118
18;-74;-0.002;0.0128
18;-73;-0.0017;0.0124
18;-72;-0.0009;0.013
18;-71;-0.0012;0.0111
18;-70;-0.0017;0.0103
18;-69;0.0007;0.0112
18;-68;0.0011;0.0116
18;-67;0.0017;0.0124
18;-66;0.0019;0.0126
18;-65;0.0027;0.0127
18;-64;0.0033;0.0128
18;-63;0.0041;0.0145
18;-62;0.0048;0.0146
18;-61;0.0053;0.0146
18;-60;0.0058;0.0147
17;-85;-0.0073;-0.0009
17;-84;-0.0046;0.0107
17;-83;-0.0045;0.0115
17;-82;-0.0034;0.0134
17;-81;-0.0035;0.0139
17;-80;-0.0032;0.0144
17;-79;-0.004;0.0134
17;-78;-0.004;0.0131
17;-77;-0.0033;0.0131
17;-76;-0.0029;0.0131
17;-75;-0.0033;0.0122
17;-74;-0.003;0.012
17;-73;-0.0016;0.0132
17;-72;-0.0012;0.0131
17;-71;-0.0009;0.0131
17;-70;-0.0007;0.0124
17;-69;0.0006;0.0122
17;-68;0.0011;0.0125
17;-67;0.0016;0.0129
17;-66;0.0019;0.0131
17;-65;0.0026;0.0129
17;-64;0.0033;0.0135
17;-63;0.004;0.0145
17;-62;0.0048;0.0148
17;-61;0.0053;0.015
17;-60;0.0057;0.0151
17;-59;0.0063;0.0151
16;-88;-0.008;-0.0011
16;-87;-0.0059;0.0108
16;-86;-0.0054;0.0108
16;-85;-0.005;0.0108
16;-84;-0.0046;0.0112
16;-83;-0.0043;0.0114
16;-82;-0.0042;0.012
16;-81;-0.0032;0.014
16;-80;-0.0032;0.0149
16;-79;-0.0038;0.0139
16;-78;-0.004;0.0134
16;-77;-0.0038;0.0132
16;-76;-0.0035;0.0127
16;-75;-0.0035;0.0121
16;-74;-0.0032;0.012
16;-73;-0.0022;0.0129
16;-72;-0.0017;0.0129
16;-71;-0.0011;0.0135
16;-70;-0.0006;0.0133
16;-69;0.0005;0.0132
16;-68;0.0011;0.013
16;-67;0.0015;0.0133
16;-66;0.0021;0.0135
16;-65;0.0027;0.0137
16;-64;0.0035;0.0145
16;-63;0.0041;0.0152
16;-62;0.0047;0.0151
16;-61;0.0052;0.0151
16;-60;0.0057;0.0156
16;-59;0.0063;0.0156
15;-89;-0.0066;0.0099
15;-88;-0.0063;0.0114
15;-87;-0.0059;0.0113
15;-86;-0.0054;0.0113
15;-85;-0.005;0.0113
15;-84;-0.0046;0.0118
15;-83;-0.0043;0.012
15;-82;-0.0042;0.0125
15;-81;-0.0033;0.0145
15;-80;-0.0029;0.0151
15;-79;-0.0032;0.0151
15;-78;-0.0035;0.0144
15;-77;-0.0036;0.014
15;-76;-0.0037;0.0133
15;-75;-0.0035;0.0125
15;-74;-0.0034;0.0124
15;-73;-0.0028;0.0124
15;-72;-0.0019;0.0132
15;-71;-0.0012;0.0139
15;-70;-0.0005;0.0141
15;-69;-0.0002;0.014
15;-68;0.0011;0.0139
15;-67;0.0016;0.014
15;-66;0.0022;0.0144
15;-65;0.0029;0.0148
15;-64;0.0036;0.0156
15;-63;0.0042;0.0156
15;-62;0.0047;0.0157
15;-61;0.0052;0.0157
15;-60;0.0057;0.0156
15;-59;0.0063;0.0161
14;-90;-0.007;0.0106
14;-89;-0.0066;0.0105
14;-88;-0.0063;0.0119
14;-87;-0.0059;0.0119
14;-86;-0.0054;0.0119
14;-85;-0.005;0.0118
14;-84;-0.0046;0.0123
14;-83;-0.0041;0.0122
14;-82;-0.0037;0.015
14;-81;-0.0035;0.0151
14;-80;-0.0029;0.0156
14;-79;-0.0032;0.0156
14;-78;-0.0029;0.0153
14;-77;-0.0031;0.015
14;-76;-0.0028;0.0152
14;-75;-0.003;0.0142
14;-74;-0.0033;0.0132
14;-73;-0.0029;0.0126
14;-72;-0.002;0.0135
14;-71;-0.0015;0.0136
14;-70;-0.0005;0.0143
14;-69;0;0.0146
14;-68;0.0011;0.0146
14;-67;0.0019;0.0149
14;-66;0.0025;0.0158
14;-65;0.0032;0.0161
14;-64;0.0038;0.0162
14;-63;0.0042;0.0162
14;-62;0.0047;0.0162
14;-61;0.0052;0.0162
14;-60;0.0057;0.0161
14;-59;0.0063;0.0158
14;-58;0.007;0.0166
13;-89;-0.0066;0.011
13;-88;-0.0063;0.0124
13;-87;-0.0059;0.0124
13;-86;-0.0054;0.0123
13;-85;-0.005;0.0123
13;-84;-0.0045;0.0123
13;-83;-0.0041;0.0128
13;-82;-0.0033;0.0156
13;-81;-0.0035;0.0156
13;-80;-0.0029;0.0156
13;-79;-0.0032;0.0162
13;-78;-0.0027;0.0161
13;-77;-0.0024;0.0161
13;-76;-0.0026;0.0155
13;-75;-0.0022;0.0157
13;-74;-0.0025;0.0154
13;-73;0.0024;0.0138
13;-72;0.0022;0.0136
13;-71;0.002;0.0136
13;-70;-0.0006;0.0145
13;-69;0.0007;0.0163
13;-68;0.0012;0.0162
13;-67;0.0023;0.0166
13;-66;0.0027;0.0165
13;-65;0.0034;0.0167
13;-64;0.0038;0.0166
13;-63;0.0042;0.0167
13;-62;0.0047;0.0167
13;-61;0.0053;0.0166
13;-60;0.0058;0.0161
13;-59;0.0065;0.0162
13;-58;0.007;0.0163
12;-89;-0.0066;0.0115
12;-88;-0.0063;0.0129
12;-87;-0.0059;0.0128
12;-86;-0.0054;0.0129
12;-85;-0.005;0.0129
12;-84;-0.0045;0.0128
12;-83;-0.0043;0.0129
12;-82;-0.003;0.0161
12;-81;-0.0028;0.0157
12;-80;-0.0024;0.0163
12;-79;-0.0032;0.0168
12;-78;-0.0027;0.0167
12;-77;-0.0023;0.0167
12;-76;-0.0019;0.0166
12;-75;-0.0015;0.0166
12;-74;0.003;0.0127
12;-73;0.0027;0.0122
12;-72;0.0023;0.0123
12;-71;0.0021;0.0133
12;-69;0.0014;0.0172
12;-68;0.0011;0.0172
12;-67;0.0029;0.0171
12;-66;0.003;0.0172
12;-65;0.0035;0.0172
12;-64;0.0038;0.0172
12;-63;0.0043;0.017
12;-62;0.0049;0.0166
12;-61;0.0055;0.0167
12;-60;0.0061;0.0168
12;-59;0.0066;0.0168
12;-58;0.0071;0.0168
11;-87;-0.0059;0.0134
11;-86;-0.0054;0.0134
11;-85;-0.005;0.0134
11;-84;-0.0045;0.0133
11;-83;-0.0032;0.0159
11;-82;-0.0029;0.0155
11;-81;-0.0022;0.0163
11;-80;-0.0021;0.0167
11;-79;-0.0028;0.0177
11;-78;-0.0024;0.0176
11;-77;-0.002;0.0176
11;-76;-0.0015;0.0177
11;-75;0.0028;0.0136
11;-74;0.0034;0.0115
11;-73;0.0029;0.0112
11;-72;0.0026;0.0108
11;-71;0.0023;0.0113
11;-70;0.0018;0.0118
11;-69;0.0014;0.012
11;-68;0.0011;0.0143
11;-67;0.0012;0.0142
11;-66;0.0013;0.016
11;-65;0.0039;0.0171
11;-64;0.0044;0.0172
11;-63;0.0048;0.0172
11;-62;0.0052;0.0173
11;-61;0.0057;0.0171
11;-60;0.0062;0.0172
11;-59;0.0068;0.017
11;-58;0.0047;0.0162
10;-86;0.0109;0.0214
10;-85;0.0119;0.0214
10;-83;-0.0032;0.0158
10;-82;-0.0029;0.0159
10;-81;-0.0021;0.0168
10;-79;0.0041;0.0221
10;-76;0.0038;0.0162
10;-75;0.0036;0.0155
10;-74;0.0042;0.0114
10;-73;0.0031;0.0106
10;-72;0.0027;0.01
10;-71;0.0023;0.0099
10;-70;0.0022;0.0104
10;-69;0.0003;0.0013
10;-68;0.0005;0.002
10;-67;0.0007;0.0031
10;-66;0.0005;0.0022
10;-65;0.0003;0.0015
10;-64;0.0003;0.0014
10;-63;0.0002;0.0011
10;-62;0.0004;0.0008
10;-61;0.0002;0.001
10;-60;0.0001;-0.0003
10;-59;0.0001;-0.0003
10;-58;0.0001;-0.0002
9;-84;0.0087;0.0216
9;-83;0.0085;0.0216
9;-82;0.0043;0.0216
9;-81;0.0047;0.0216
9;-80;0.0034;0.0216
9;-79;0.0037;0.0217
9;-78;0.0025;0.0231
9;-77;0.0041;0.0133
9;-76;0.0038;0.0147
9;-75;0.0036;0.0141
9;-74;0.0034;0.0119
9;-73;0.0032;0.0104
9;-72;0.0027;0.0096
9;-71;0.0025;0.0095
9;-70;0.0002;0.0008
9;-69;0.0002;0.0012
9;-68;0.0004;0.0014
9;-67;0.0005;0.0016
9;-66;0.0003;0.0016
9;-65;0.0003;0.0013
9;-64;0.0004;0.0009
9;-63;0.0004;0.0004
9;-62;0.0005;0.0005
9;-61;0.0003;0.0008
9;-60;0.0002;-0.0004
9;-59;0.0002;-0.0003
9;-58;0.0003;-0.0005
8;-83;0.0073;0.0211
8;-82;0.0056;0.0211
8;-81;0.0047;0.0212
8;-80;0.0033;0.0212
8;-79;0.0038;0.0213
8;-78;0.0025;0.0227
8;-77;0.0041;0.0136
8;-76;0.0038;0.013
8;-75;0.0037;0.0115
8;-74;0.0033;0.0104
8;-73;0.0033;0.0094
8;-72;0.0031;0.0089
8;-71;0.0002;-0.0002
8;-70;0.0002;-0.0001
8;-69;0.0003;0.0001
8;-68;0.0003;0.001
8;-67;0.0003;0.001
8;-66;0.0003;0.0011
8;-65;0.0004;0.0006
8;-64;0.0005;0.0008
8;-63;0.0004;0.0004
8;-62;0.0005;0.0004
8;-61;0.0002;0.0003
8;-60;0.0002;-0.0004
8;-59;0.0003;-0.0005
8;-58;0.0003;-0.0005
7;-82;0.0058;0.0207
7;-81;0.0051;0.0207
7;-80;0.0039;0.0206
7;-79;0.0034;0.0223
7;-78;0.0041;0.0099
7;-77;0.0039;0.0104
7;-76;0.0037;0.0099
7;-75;0.0039;0.0086
7;-74;0.0043;0.0078
7;-73;0.0031;0.0086
7;-72;0.0003;-0.0004
7;-71;0;-0.0008
7;-70;0.0001;-0.0003
7;-69;0.0002;0
7;-68;0.0003;-0.0001
7;-67;0.0002;0.0005
7;-66;0.0003;0.0004
7;-65;0.0003;0.0005
7;-64;0.0003;0.0006
7;-63;0.0004;0.0004
7;-62;0.0005;0.0004
7;-61;0.0001;-0.0006
7;-60;0.0002;-0.0004
7;-59;0.0003;-0.0005
7;-58;0.0003;-0.0005
7;-57;0.0003;-0.0005
6;-78;0.0041;0.009
6;-77;0.0039;0.0081
6;-76;0.0036;0.0074
6;-75;0.0037;0.0064
6;-74;0.0035;0.0071
6;-73;0.0029;0.0071
6;-72;0.0001;-0.0014
6;-71;0.0002;-0.0004
6;-70;0.0002;-0.0001
6;-69;0.0003;0.0001
6;-68;0.0003;-0.0001
6;-67;0.0003;-0.0001
6;-66;0.0003;0.0003
6;-65;0.0004;0.0003
6;-64;0.0005;0.0008
6;-63;0.0004;0.0004
6;-62;0.0005;0.0004
6;-61;0.0001;-0.0006
6;-60;0.0002;-0.0004
6;-59;0.0003;-0.0005
6;-58;0.0003;-0.0005
6;-57;0.0003;-0.0005
6;-56;0.0002;-0.0005
6;-55;0.0003;-0.0002
6;-54;0;-0.0001
6;-53;0;-0.0001
5;-78;0.0041;0.008
5;-77;0.0039;0.0074
5;-76;0.0036;0.0066
5;-75;0.0034;0.0067
5;-74;0.0023;0.0067
5;-73;0.0027;0.0067
5;-72;0.0001;-0.0014
5;-71;0.0002;-0.0011
5;-70;0.0003;-0.0003
5;-69;0.0003;0
5;-68;0.0004;0
5;-67;0.0004;-0.0001
5;-66;0.0004;0.0004
5;-65;0.0004;0.0004
5;-64;0.0006;0.0006
5;-63;0.0005;0.0002
5;-62;0.0004;-0.0009
5;-61;0.0001;-0.0006
5;-60;0.0002;-0.0004
5;-59;0.0003;-0.0005
5;-58;0.0003;-0.0006
5;-57;0.0003;-0.0006
5;-56;0.0002;-0.0004
5;-55;0.0002;-0.0002
5;-54;0;-0.0001
5;-53;0;-0.0001
5;-52;0;-0.0002
4;-78;0.0041;0.0079
4;-77;0.0038;0.0068
4;-76;0.0036;0.006
4;-75;0.0034;0.0069
4;-74;0.003;0.0088
4;-73;0.0006;0.0006
4;-72;0.0006;0.0006
4;-71;0.0002;-0.0011
4;-70;0.0002;-0.0011
4;-69;0.0003;-0.001
4;-68;0.0005;0.0001
4;-67;0.0005;-0.0001
4;-66;0.0005;0.0003
4;-65;0.0004;-0.0005
4;-64;0.0006;-0.0006
4;-63;0.0005;-0.0007
4;-62;0.0006;-0.0007
4;-61;0.0002;-0.0005
4;-60;0.0002;-0.0005
4;-59;0.0003;-0.0006
4;-58;0.0003;-0.0005
4;-57;0.0003;-0.0005
4;-56;-0.0001;-0.0003
4;-55;0;-0.0003
4;-54;-0.0001;-0.0003
4;-53;-0.0001;-0.0003
4;-52;0.0001;-0.0003
4;-51;0;-0.0002
3;-78;0.0042;0.0091
3;-77;0.0039;0.0078
3;-76;0.0036;0.0071
3;-75;0.0035;0.0074
3;-74;-0.0004;0.0026
3;-73;0.0006;0.0009
3;-72;0.0006;0.0005
3;-71;0.0002;-0.001
3;-70;0.0002;-0.0011
3;-69;0.0002;-0.0011
3;-68;0.0005;-0.0009
3;-67;0.0006;-0.0009
3;-66;0.0005;-0.0009
3;-65;0.0006;-0.0007
3;-64;0.0006;-0.0007
3;-63;0.0001;-0.001
3;-62;0.0002;-0.0009
3;-61;-0.0001;-0.0004
3;-60;-0.0001;-0.0004
3;-59;0;-0.0006
3;-58;-0.0001;-0.0006
3;-57;0;-0.0004
3;-56;-0.0001;-0.0004
3;-55;0;-0.0004
3;-54;0.0001;-0.0004
3;-53;0.0001;-0.0003
3;-52;0.0001;-0.0003
3;-51;0;-0.0003
2;-79;0.0043;0.0121
2;-78;0.0042;0.0108
2;-77;0.004;0.0095
2;-76;0.0038;0.0085
2;-75;-0.0003;0.0023
2;-74;-0.0004;0.0023
2;-73;-0.0002;0.0019
2;-72;0.0005;0.0008
2;-71;0.0002;-0.0006
2;-70;0.0002;-0.0009
2;-69;0.0002;-0.001
2;-68;0.0007;-0.0008
2;-67;0.0007;-0.0008
2;-66;0.0006;-0.001
2;-65;0.0006;-0.0007
2;-64;0.0001;-0.001
2;-63;0;-0.001
2;-62;0.0002;-0.0009
2;-61;0.0002;-0.0007
2;-60;-0.0001;-0.0006
2;-59;-0.0002;-0.0006
2;-58;0;-0.0006
2;-57;0;-0.0004
2;-56;0.0001;-0.0005
2;-55;0.0003;-0.0003
2;-54;0.0002;-0.0003
2;-53;0.0001;-0.0003
2;-52;0.0001;-0.0003
2;-51;0;-0.0004
2;-50;0;-0.0004
1;-80;0.0057;0.0136
1;-79;0.0041;0.0132
1;-78;0.0043;0.0129
1;-77;0.0041;0.0102
1;-76;-0.0003;0.0026
1;-75;-0.0003;0.0027
1;-74;-0.0004;0.0027
1;-73;-0.0002;0.002
1;-72;0.0005;0.001
1;-71;0.0002;-0.0006
1;-70;0.0002;-0.0009
1;-69;0.0002;-0.0009
1;-68;0.0003;-0.001
1;-67;0.0004;-0.0011
1;-66;0.0003;-0.0008
1;-65;0;-0.001
1;-64;0;-0.001
1;-63;-0.0001;-0.0009
1;-62;0.0002;-0.0008
1;-61;0.0001;-0.0008
1;-60;0.0001;-0.0006
1;-59;0;-0.0006
1;-58;0;-0.0007
1;-57;0.0002;-0.0005
1;-56;0.0001;-0.0005
1;-55;0.0002;-0.0005
1;-54;0.0002;-0.0004
1;-53;0.0002;-0.0004
1;-52;0.0003;-0.0003
1;-51;0.0001;-0.0004
1;-50;0.0002;-0.0005
0;-80;0.0053;0.0107
0;-79;0.0043;0.0108
0;-78;-0.0003;0.0024
0;-77;-0.0003;0.0025
0;-76;-0.0003;0.0027
0;-75;-0.0003;0.0027
0;-74;-0.0004;0.0028
0;-73;-0.0002;0.0024
0;-72;0.0006;0.0012
0;-71;0.0002;-0.0005
0;-70;0.0001;-0.0011
0;-69;0.0002;-0.001
0;-68;0.0003;-0.001
0;-67;0.0006;-0.0011
0;-66;0;-0.001
0;-65;0;-0.001
0;-64;0;-0.0009
0;-63;-0.0001;-0.0009
0;-62;0;-0.0009
0;-61;0.0002;-0.0007
0;-60;0;-0.0008
0;-59;0;-0.0007
0;-58;0.0002;-0.0007
0;-57;0.0002;-0.0005
0;-56;0.0001;-0.0005
0;-55;0.0002;-0.0006
0;-54;0.0002;-0.0004
0;-53;0.0003;-0.0004
0;-52;0.0003;-0.0004
0;-51;0.0002;-0.0006
0;-50;0.0002;-0.0009
0;-49;0.0003;-0.001
0;-48;0.0005;-0.001
0;-47;0.0004;-0.0009
-1;-81;0.0039;0.0122
-1;-80;0.0036;0.0112
-1;-79;0.0035;0.011
-1;-78;-0.0003;0.003
-1;-77;-0.0003;0.0029
-1;-76;-0.0003;0.0028
-1;-75;-0.0003;0.0028
-1;-74;-0.0004;0.0025
-1;-73;-0.0002;0.0022
-1;-72;-0.0002;0.0022
-1;-71;0.0001;-0.0005
-1;-70;0.0001;-0.0011
-1;-69;0.0002;-0.0009
-1;-68;0.0003;-0.0009
-1;-67;0.0004;-0.0011
-1;-66;0;-0.0009
-1;-65;0;-0.0009
-1;-64;0;-0.0009
-1;-63;-0.0002;-0.001
-1;-62;-0.0001;-0.001
-1;-61;0;-0.0007
-1;-60;-0.0002;-0.0009
-1;-59;-0.0001;-0.0008
-1;-58;0.0002;-0.001
-1;-57;0.0002;-0.0006
-1;-56;0.0001;-0.0006
-1;-55;0.0002;-0.0007
-1;-54;0.0002;-0.0007
-1;-53;0.0004;-0.0004
-1;-52;0.0003;-0.0006
-1;-51;0.0002;-0.0006
-1;-50;0.0002;-0.001
-1;-49;0.0003;-0.001
-1;-48;0.0004;-0.0009
-1;-47;0.0003;-0.0012
-1;-46;0.0002;-0.0012
-1;-45;0;-0.0011
-2;-81;0.0036;0.0126
-2;-80;0.0035;0.0119
-2;-79;0.0035;0.0113
-2;-78;-0.0005;0.0036
-2;-77;-0.0003;0.003
-2;-76;-0.0004;0.0022
-2;-75;-0.0004;0.0021
-2;-74;-0.0005;0.0021
-2;-73;-0.0003;0.0019
-2;-72;-0.0002;0.0022
-2;-71;-0.0001;-0.0005
-2;-70;0;-0.0009
-2;-69;0.0001;-0.0007
-2;-68;0.0003;-0.0009
-2;-67;0.0002;-0.0004
-2;-66;-0.0003;-0.0011
-2;-65;0;-0.001
-2;-64;0;-0.0009
-2;-63;-0.0002;-0.0011
-2;-62;0.0003;-0.0008
-2;-61;0;-0.0007
-2;-60;-0.0002;-0.0009
-2;-59;-0.0001;-0.0008
-2;-58;0.0002;-0.0009
-2;-57;0.0001;-0.0005
-2;-56;0;-0.0005
-2;-55;0.0002;-0.0006
-2;-54;0.0002;-0.0006
-2;-53;0.0003;-0.0006
-2;-52;0.0003;-0.0007
-2;-51;0.0002;-0.0007
-2;-50;0.0003;-0.001
-2;-49;0.0002;-0.0014
-2;-48;0.0002;-0.0011
-2;-47;0.0003;-0.0012
-2;-46;0.0002;-0.0012
-2;-45;0.0003;-0.0011
-2;-44;0.0008;-0.0012
-2;-43;0.001;-0.0008
-3;-81;-0.0029;0.0055
-3;-80;-0.0028;0.0055
-3;-79;-0.0018;0.0053
-3;-78;-0.0028;0.0051
-3;-77;-0.0002;0.0053
-3;-76;0.0008;0.0053
-3;-75;-0.0004;0.0021
-3;-74;-0.0005;0.0021
-3;-73;-0.0003;0.0019
-3;-72;-0.0001;0
-3;-71;-0.0003;-0.0006
-3;-70;0.0001;-0.0007
-3;-69;0.0001;-0.0008
-3;-68;0.0001;-0.0004
-3;-67;0.0002;-0.0004
-3;-66;-0.0001;-0.0009
-3;-65;-0.0001;-0.0009
-3;-64;0;-0.0008
-3;-63;-0.0001;-0.0008
-3;-62;0.0003;-0.0006
-3;-61;0;-0.0006
-3;-60;-0.0007;-0.0011
-3;-59;-0.0002;-0.001
-3;-58;0.0002;-0.001
-3;-57;0.0001;-0.0006
-3;-56;0;-0.0006
-3;-55;0.0003;-0.0006
-3;-54;0.0002;-0.0006
-3;-53;0.0003;-0.0006
-3;-52;0.0003;-0.0006
-3;-51;0.0001;-0.0007
-3;-50;0.0002;-0.0012
-3;-49;0.0002;-0.0013
-3;-48;0.0002;-0.0013
-3;-47;0.0003;-0.0013
-3;-46;0.0002;-0.0012
-3;-45;0.0007;-0.0012
-3;-44;0.0007;-0.001
-3;-43;0.0007;-0.0009
-3;-42;0.0009;-0.0006
-3;-41;0.0011;0.0001
-3;-40;0.0013;0.0001
-3;-39;0.0017;0
-4;-81;-0.0028;0.0061
-4;-80;-0.003;0.0061
-4;-79;-0.0016;0.0061
-4;-78;-0.001;0.006
-4;-77;0.0001;0.006
-4;-76;0.0009;0.006
-4;-75;-0.0005;0.0025
-4;-75;-0.0005;0.0026
-4;-74;-0.0005;0.002
-4;-73;-0.0005;0.0021
-4;-72;-0.0002;-0.0001
-4;-71;-0.0003;-0.0005
-4;-70;-0.0003;-0.0006
-4;-69;-0.0001;-0.0005
-4;-68;0.0001;-0.0004
-4;-67;0.0001;-0.0004
-4;-66;-0.0002;-0.0008
-4;-65;-0.0002;-0.0007
-4;-64;-0.0001;-0.0008
-4;-63;-0.0002;-0.0009
-4;-62;0.0002;-0.0007
-4;-61;-0.0003;-0.0008
-4;-60;-0.0003;-0.0008
-4;-59;-0.0004;-0.001
-4;-58;0.0001;-0.0009
-4;-57;0.0001;-0.0009
-4;-56;0;-0.0006
-4;-55;0.0002;-0.0007
-4;-54;0.0001;-0.0008
-4;-53;0.0003;-0.0007
-4;-52;0.0003;-0.0007
-4;-51;0.0002;-0.0007
-4;-50;0.0002;-0.001
-4;-49;0.0002;-0.0012
-4;-48;0.0003;-0.0013
-4;-47;0.0004;-0.0012
-4;-46;0.0003;-0.0012
-4;-45;0.0005;-0.0012
-4;-44;0.0005;-0.0012
-4;-43;0.0004;-0.001
-4;-42;0.0006;-0.0009
-4;-41;0.0009;-0.0004
-4;-40;0.0013;0
-4;-39;0.0017;0
-4;-38;0.0019;0.0002
-5;-81;-0.0021;0.0067
-5;-80;-0.0017;0.0067
-5;-79;-0.0014;0.0068
-5;-78;-0.0003;0.0068
-5;-77;0.0009;0.0068
-5;-76;0.0012;0.0067
-5;-75;-0.0005;0.0025
-5;-75;-0.0005;0.0026
-5;-74;-0.0012;0.0026
-5;-74;-0.0013;0.0026
-5;-73;-0.0012;0.0026
-5;-72;-0.0006;-0.0001
-5;-71;-0.0003;-0.0005
-5;-70;-0.0003;-0.0006
-5;-69;-0.0002;-0.0005
-5;-68;-0.0001;-0.0003
-5;-67;-0.0001;-0.0003
-5;-66;-0.0004;-0.0006
-5;-65;-0.0002;-0.0007
-5;-64;-0.0002;-0.0007
-5;-63;-0.0002;-0.0007
-5;-62;0;-0.0006
-5;-61;-0.0001;-0.0007
-5;-60;-0.0001;-0.0006
-5;-59;-0.0001;-0.0007
-5;-58;0.0002;-0.001
-5;-57;0.0002;-0.001
-5;-56;0.0001;-0.001
-5;-55;0.0003;-0.0006
-5;-54;0.0002;-0.0008
-5;-53;0.0004;-0.0007
-5;-52;0.0003;-0.0009
-5;-51;0.0002;-0.0009
-5;-50;0.0003;-0.0011
-5;-49;0.0002;-0.0011
-5;-48;0.0004;-0.0013
-5;-47;0.0004;-0.0014
-5;-46;0.0004;-0.0018
-5;-45;0.0003;-0.0014
-5;-44;0.0001;-0.001
-5;-43;-0.0001;-0.0012
-5;-42;0.0003;-0.0009
-5;-41;0.0007;-0.0004
-5;-40;0.001;-0.0001
-5;-39;0.0015;0
-5;-38;0.0027;0
-5;-37;0.0032;0.0002
-5;-36;0.0012;0.0003
-5;-35;0.0012;0.0004
-6;-81;-0.0025;0.0075
-6;-80;-0.0016;0.0081
-6;-79;-0.001;0.0085
-6;-78;0.001;0.009
-6;-77;0.0072;0.017
-6;-76;0.0029;0.0092
-6;-75;-0.0012;0.0026
-6;-75;-0.0011;0.0026
-6;-74;-0.0013;0.0026
-6;-74;-0.0012;0.0026
-6;-73;-0.0006;0
-6;-72;-0.0005;-0.0005
-6;-71;-0.0006;-0.0006
-6;-70;-0.0006;-0.0002
-6;-69;-0.0006;-0.0003
-6;-68;-0.0003;-0.0001
-6;-67;-0.0001;-0.0003
-6;-66;-0.0002;-0.0007
-6;-65;-0.0002;-0.0007
-6;-64;-0.0002;-0.0006
-6;-63;-0.0005;-0.0007
-6;-62;0;-0.0005
-6;-61;-0.0001;-0.0006
-6;-60;0;-0.0008
-6;-59;0;-0.0008
-6;-58;0.0003;-0.0008
-6;-57;0.0004;-0.0012
-6;-56;0.0003;-0.0012
-6;-55;0.0005;-0.0012
-6;-54;0.0002;-0.0008
-6;-53;0.0004;-0.0007
-6;-52;0.0003;-0.0009
-6;-51;0.0002;-0.0009
-6;-50;0.0002;-0.0011
-6;-49;0.0002;-0.0011
-6;-48;0.0003;-0.0013
-6;-47;0.0004;-0.0015
-6;-46;0.0003;-0.0013
-6;-45;0.0003;-0.0015
-6;-44;0;-0.0011
-6;-43;0;-0.001
-6;-42;0.0003;-0.0009
-6;-41;0.0006;-0.0005
-6;-40;0.0009;-0.0002
-6;-39;0.0013;0.0001
-6;-38;0.002;0.0003
-6;-37;0.0021;0.0003
-6;-36;0.0012;0.0004
-6;-35;0.001;0.0004
-7;-80;-0.0017;0.0093
-7;-79;-0.002;0.0085
-7;-78;-0.0005;0.0086
-7;-77;0.0026;0.0091
-7;-76;0.0024;0.0092
-7;-75;-0.0012;0.0026
-7;-75;-0.0011;0.0026
-7;-74;-0.0006;-0.0005
-7;-74;-0.0006;-0.0004
-7;-73;-0.0008;-0.0003
-7;-72;-0.0008;-0.0003
-7;-71;-0.0009;-0.0004
-7;-70;-0.0008;-0.0002
-7;-69;-0.0008;-0.0002
-7;-68;-0.0007;-0.0002
-7;-67;-0.0004;-0.0002
-7;-66;-0.0005;-0.0002
-7;-65;-0.0004;-0.0006
-7;-64;-0.0004;-0.0006
-7;-63;-0.0005;-0.0006
-7;-62;-0.0001;-0.0006
-7;-61;-0.0001;-0.0006
-7;-60;-0.0001;-0.0006
-7;-59;0.0001;-0.0009
-7;-58;0.0002;-0.0009
-7;-57;0.0004;-0.0011
-7;-56;0.0003;-0.0012
-7;-55;0.0005;-0.0011
-7;-54;0.0005;-0.0011
-7;-53;0.0004;-0.001
-7;-52;0.0004;-0.0012
-7;-51;0.0002;-0.0012
-7;-50;0.0002;-0.0012
-7;-49;0.0004;-0.0012
-7;-48;0.0004;-0.0013
-7;-47;0.0004;-0.0015
-7;-46;0.0003;-0.0016
-7;-45;0.0002;-0.0012
-7;-44;0.0003;-0.0012
-7;-43;0.0001;-0.0009
-7;-42;0.0003;-0.0007
-7;-41;0.0004;-0.0002
-7;-40;0.0005;-0.0002
-7;-39;0.0007;0.0004
-7;-38;0.0011;0.0003
-7;-37;0.0011;0.0003
-7;-36;0.0004;0.0004
-7;-35;0.0012;0.0004
-8;-80;-0.0017;0.0099
-8;-79;-0.0016;0.0098
-8;-78;-0.0007;0.0096
-8;-77;0.0004;0.0096
-8;-76;0.0011;0.0093
-8;-75;-0.0005;-0.0005
-8;-75;-0.0005;-0.0004
-8;-74;-0.0009;0
-8;-74;-0.0008;-0.0001
-8;-73;-0.0008;-0.0003
-8;-73;-0.0009;-0.0003
-8;-72;-0.0008;-0.0003
-8;-71;-0.0009;-0.0003
-8;-70;-0.0008;-0.0002
-8;-69;-0.0008;-0.0002
-8;-68;-0.0005;-0.0004
-8;-67;-0.0004;-0.0002
-8;-66;-0.0004;-0.0002
-8;-65;-0.0003;-0.0002
-8;-64;-0.0004;-0.0006
-8;-63;-0.0005;-0.0005
-8;-62;-0.0004;-0.0005
-8;-61;-0.0001;-0.0007
-8;-60;0.0001;-0.0008
-8;-59;0.0004;-0.0009
-8;-58;0.0002;-0.0009
-8;-57;0.0002;-0.0011
-8;-56;0.0004;-0.001
-8;-55;0.0007;-0.001
-8;-54;0.0005;-0.001
-8;-53;0.0004;-0.001
-8;-52;0.0004;-0.0013
-8;-51;0.0003;-0.0013
-8;-50;0.0003;-0.0013
-8;-49;0.0004;-0.0011
-8;-48;0.0004;-0.0012
-8;-47;0.0004;-0.0014
-8;-46;0.0003;-0.0014
-8;-45;0.0002;-0.0012
-8;-44;0.0001;-0.001
-8;-43;0.0002;-0.0006
-8;-42;0.0004;-0.0004
-8;-41;0.0005;-0.0001
-8;-40;0.0005;-0.0001
-8;-39;0.0006;0.0004
-8;-38;0.0008;0.0003
-8;-37;0.0007;0.0002
-8;-36;0.0005;0.0004
-8;-35;0.0005;0.0004
-9;-79;-0.0017;0.0092
-9;-78;-0.001;0.0091
-9;-77;0.0002;0.0092
-9;-76;0.0011;0.0093
-9;-75;-0.0005;-0.0006
-9;-75;-0.0005;-0.0005
-9;-74;-0.0009;0
-9;-74;-0.0008;-0.0001
-9;-73;-0.0008;-0.0002
-9;-73;-0.0009;-0.0002
-9;-72;-0.0008;-0.0002
-9;-71;-0.001;-0.0002
-9;-70;-0.0008;-0.0002
-9;-69;-0.0008;-0.0002
-9;-68;-0.0005;-0.0004
-9;-67;-0.0004;-0.0002
-9;-66;-0.0005;-0.0001
-9;-65;-0.0003;-0.0003
-9;-64;0.0001;-0.0004
-9;-63;-0.0006;-0.0004
-9;-62;-0.0004;-0.0007
-9;-61;-0.0001;-0.001
-9;-60;-0.0001;-0.0008
-9;-59;0;-0.0009
-9;-58;0.0002;-0.001
-9;-57;0.0004;-0.0009
-9;-56;0.0005;-0.0009
-9;-55;0.0007;-0.0009
-9;-54;0.0005;-0.0009
-9;-53;0.0004;-0.0011
-9;-52;0.0005;-0.0014
-9;-51;0.0003;-0.0013
-9;-50;0.0003;-0.0014
-9;-49;0.0004;-0.0012
-9;-48;0.0003;-0.0008
-9;-47;0.0003;-0.001
-9;-46;0.0003;-0.0013
-9;-45;0.0002;-0.0009
-9;-44;0;-0.0005
-9;-43;0;-0.0003
-9;-42;0.0004;-0.0002
-9;-41;0.0006;-0.0001
-9;-40;0.0007;0
-9;-39;0.0006;0.0003
-9;-38;0.0007;0.0003
-9;-37;0.0007;0.0003
-9;-36;0.0006;0.0004
-9;-35;0.0007;0.0003
-10;-79;-0.001;0.01
-10;-78;-0.0004;0.0097
-10;-77;0.0006;0.01
-10;-76;0.0017;0.011
-10;-75;-0.0009;0
-10;-75;-0.0009;0.0034
-10;-74;-0.0008;-0.0002
-10;-74;-0.0009;-0.0002
-10;-73;-0.0008;-0.0002
-10;-73;-0.0009;-0.0002
-10;-72;-0.0009;-0.0001
-10;-71;-0.001;-0.0002
-10;-70;-0.0009;-0.0001
-10;-69;-0.0008;-0.0002
-10;-68;-0.0005;-0.0004
-10;-67;-0.0004;-0.0002
-10;-66;-0.0007;-0.0002
-10;-65;-0.0006;-0.0003
-10;-64;-0.0006;-0.0003
-10;-63;-0.0007;-0.0004
-10;-62;0.0004;-0.001
-10;-61;0.0001;-0.0009
-10;-60;0.0001;-0.0009
-10;-59;0.0003;-0.0007
-10;-58;0.0005;-0.0007
-10;-57;0.0006;-0.0009
-10;-56;0.0005;-0.0009
-10;-55;0.0006;-0.0006
-10;-54;0.0007;-0.0007
-10;-53;0.0007;-0.0006
-10;-52;0.0003;-0.0014
-10;-51;0.0004;-0.0015
-10;-50;0.0003;-0.0013
-10;-49;0.0003;-0.0013
-10;-48;0.0004;-0.0013
-10;-47;0.0005;-0.001
-10;-46;0.0004;-0.0011
-10;-45;0.0002;-0.0007
-10;-44;0;0
-10;-43;0.0001;0.0001
-10;-42;0.0004;0
-10;-41;0.0005;-0.0001
-10;-40;0.0006;-0.0001
-10;-39;0.0006;0.0003
-10;-38;0.0006;0.0002
-10;-37;0.0006;0.0003
-10;-36;0.0006;0.0004
-11;-78;0.0005;0.0119
-11;-77;0.0014;0.0122
-11;-76;0.0018;0.012
-11;-75;-0.0012;0.0033
-11;-74;-0.001;-0.0002
-11;-74;-0.001;-0.0002
-11;-73;-0.001;-0.0002
-11;-73;-0.001;-0.0003
-11;-72;-0.001;-0.0001
-11;-71;-0.0011;-0.0002
-11;-70;-0.0009;-0.0001
-11;-69;-0.0009;-0.0002
-11;-68;-0.0005;-0.0003
-11;-67;-0.0005;-0.0001
-11;-66;-0.0008;-0.0003
-11;-65;-0.0006;-0.0004
-11;-64;-0.0006;-0.0003
-11;-63;-0.0007;-0.0004
-11;-62;0.0009;-0.0009
-11;-61;0.0004;-0.0008
-11;-60;0.0002;-0.0008
-11;-59;0.0002;-0.0007
-11;-58;0.0004;-0.0009
-11;-57;0.0005;-0.0009
-11;-56;0.0006;-0.0008
-11;-55;0.0006;-0.0008
-11;-54;0.0004;-0.0007
-11;-53;0.0004;-0.0008
-11;-52;0.0006;-0.0012
-11;-51;0.0004;-0.0014
-11;-50;0.0003;-0.0014
-11;-49;0.0003;-0.0012
-11;-48;0.0003;-0.0012
-11;-47;0.0004;-0.0009
-11;-46;0.0003;-0.0008
-11;-45;0.0001;-0.0004
-11;-44;0.0001;-0.0004
-11;-43;0.0001;0
-11;-42;0.0001;0.0002
-11;-41;0.0002;-0.0001
-11;-40;0.0004;0.0001
-11;-39;0.0004;0.0003
-11;-38;0.0004;0.0003
-11;-37;0.0004;0.0004
-12;-78;0.0009;0.0132
-12;-77;0.0041;0.0165
-12;-76;0.002;0.0129
-12;-75;-0.0011;0
-12;-75;-0.0012;0.0064
-12;-74;-0.001;-0.0002
-12;-74;-0.001;0.0066
-12;-73;-0.001;-0.0002
-12;-72;-0.001;-0.0001
-12;-71;-0.0011;-0.0001
-12;-70;-0.0011;0
-12;-69;-0.0009;-0.0001
-12;-68;-0.0007;-0.0001
-12;-67;-0.0006;0
-12;-66;-0.0003;0.0001
-12;-65;-0.0003;0.0002
-12;-64;-0.0003;0.0002
-12;-63;-0.0003;0.0003
-12;-62;0.0003;-0.0003
-12;-61;0.0003;-0.0002
-12;-60;0.0002;-0.0001
-12;-59;0.0001;-0.0008
-12;-58;0.0004;-0.0009
-12;-57;0.0006;-0.0009
-12;-56;0.0007;-0.0009
-12;-55;0.0007;-0.0009
-12;-54;0.0004;-0.0008
-12;-53;0.0005;-0.0011
-12;-52;0.0005;-0.0011
-12;-51;0.0003;-0.0012
-12;-50;0.0003;-0.0013
-12;-49;0.0003;-0.0013
-12;-48;0.0003;-0.0009
-12;-47;0.0003;-0.0008
-12;-46;0.0003;-0.0008
-12;-45;0.0002;-0.0005
-12;-44;0.0002;-0.0004
-12;-43;0.0002;-0.0002
-12;-42;0.0001;0
-12;-41;0.0001;0.0001
-12;-40;0;0.0003
-12;-39;-0.0001;0.0003
-12;-38;0.0003;-0.0001
-12;-37;0.0002;0.0002
-13;-77;0.0007;0.0132
-13;-76;0.0004;0.0115
-13;-75;-0.0012;0.0111
-13;-74;-0.0013;0.0102
-13;-73;0.0004;0.0087
-13;-72;-0.001;-0.0002
-13;-71;-0.0011;-0.0001
-13;-70;-0.0011;0
-13;-69;-0.0007;0
-13;-68;-0.0007;0
-13;-67;-0.0002;0.0002
-13;-66;-0.0003;0.0002
-13;-65;-0.0003;0.0003
-13;-64;-0.0003;0.0002
-13;-63;-0.0004;0.0003
-13;-62;0.0002;-0.0002
-13;-61;-0.0001;-0.0002
-13;-60;-0.0001;-0.0002
-13;-59;0.0002;-0.0003
-13;-58;0.0003;-0.0009
-13;-57;0.0006;-0.0009
-13;-56;0.0007;-0.0008
-13;-55;0.0007;-0.0009
-13;-54;0.0002;-0.0011
-13;-53;0.0005;-0.0011
-13;-52;0.0005;-0.0012
-13;-51;0.0003;-0.0008
-13;-50;0.0002;-0.0011
-13;-49;0.0003;-0.0008
-13;-48;0.0002;-0.0007
-13;-47;0.0002;-0.0006
-13;-46;0.0002;-0.0007
-13;-45;0.0001;-0.0004
-13;-44;0.0001;-0.0005
-13;-43;0.0001;-0.0003
-13;-42;0;0.0004
-13;-41;-0.0001;0.0005
-13;-40;-0.0003;0.0006
-13;-39;-0.0008;0.0006
-13;-38;0.0003;-0.0002
-14;-77;-0.0004;0.0127
-14;-76;-0.0031;0.0075
-14;-75;-0.0012;0.006
-14;-74;0.0006;0.0117
-14;-73;0.0006;0.0106
-14;-72;0.001;0.0098
-14;-71;0.0022;0.0098
-14;-70;0.0038;0.0098
-14;-69;-0.0013;0.0002
-14;-68;-0.0004;0.0002
-14;-67;-0.0001;0.0003
-14;-66;-0.0003;0.0002
-14;-65;-0.0003;0.0002
-14;-64;-0.0003;0.0003
-14;-63;-0.0004;0.0003
-14;-62;0.0003;-0.0002
-14;-61;-0.0002;-0.0003
-14;-60;-0.0004;-0.0002
-14;-59;0;-0.0007
-14;-58;0.0004;-0.0003
-14;-57;0.0006;-0.0009
-14;-56;0.0007;-0.0007
-14;-55;0.0006;-0.0008
-14;-54;0.0004;-0.001
-14;-53;0.0005;-0.0009
-14;-52;0.0004;-0.0009
-14;-51;0.0003;-0.0008
-14;-50;0.0003;-0.0006
-14;-49;0.0003;-0.0006
-14;-48;0.0003;-0.0004
-14;-47;0.0002;-0.0006
-14;-46;0.0001;-0.0005
-14;-45;0;-0.0004
-14;-44;0.0001;-0.0002
-14;-43;0.0001;-0.0002
-14;-42;0.0002;0.0004
-14;-41;-0.0001;0.0005
-14;-40;-0.0002;0.0005
-14;-39;-0.0003;0.0005
-15;-76;-0.0003;0.0124
-15;-75;0.0025;0.0162
-15;-74;0.0017;0.0149
-15;-73;0.0007;0.0126
-15;-72;0.0008;0.0113
-15;-71;0.001;0.01
-15;-70;0.0013;0.0086
-15;-69;0.0048;0.011
-15;-68;0.0072;0.0117
-15;-67;-0.0001;0.0005
-15;-66;-0.0003;0.0002
-15;-65;-0.0003;0.0003
-15;-64;-0.0003;0.0003
-15;-63;-0.0001;0.0003
-15;-62;0.0003;-0.0002
-15;-61;-0.0002;-0.0004
-15;-60;-0.0014;-0.0008
-15;-59;-0.0002;-0.0007
-15;-58;0.0005;-0.0004
-15;-57;0.0009;-0.0002
-15;-56;0.0011;-0.0009
-15;-55;0.0007;-0.0008
-15;-54;0.0003;-0.0011
-15;-53;0.0003;-0.0008
-15;-52;0.0004;-0.0009
-15;-51;0.0003;-0.0007
-15;-50;0.0002;-0.0005
-15;-49;0.0002;-0.0006
-15;-48;0.0002;-0.0005
-15;-47;0.0002;-0.0004
-15;-46;0.0001;-0.0002
-15;-45;0;-0.0003
-15;-44;0;-0.0001
-15;-43;0;-0.0002
-15;-42;0.0001;0.0002
-15;-41;0.0001;0.0006
-15;-40;0.0001;0.0004
-15;-39;0.0001;0.0006
-16;-75;0.0005;0.0165
-16;-74;0.0006;0.016
-16;-73;0.0003;0.014
-16;-72;-0.0004;0.0114
-16;-71;0.0002;0.0105
-16;-70;0.001;0.0097
-16;-69;0.0047;0.0123
-16;-68;0.0069;0.0129
-16;-67;-0.0003;0.0012
-16;-66;-0.0001;0.0002
-16;-65;0;0.0003
-16;-64;0;0.0003
-16;-63;0.0005;0.0003
-16;-62;0.0004;0
-16;-61;0.0001;-0.0003
-16;-60;-0.0001;-0.0007
-16;-59;0.0002;-0.0004
-16;-58;0.0005;-0.0003
-16;-57;0.0009;-0.0002
-16;-56;0.0011;-0.0008
-16;-55;0.0008;-0.0009
-16;-54;0.0001;-0.0008
-16;-53;0.0002;-0.0007
-16;-52;0.0001;-0.0007
-16;-51;0.0002;-0.0006
-16;-50;0.0002;-0.0006
-16;-49;0.0002;-0.0005
-16;-48;0.0002;-0.0005
-16;-47;0.0001;-0.0003
-16;-46;0;-0.0004
-16;-45;-0.0001;-0.0002
-16;-44;-0.0001;0
-16;-43;0;-0.0001
-16;-42;0;0.0001
-16;-41;0.0001;0.0002
-16;-40;0;0.0004
-16;-39;-0.0001;0.0004
-17;-73;0.0012;0.016
-17;-72;0.0016;0.014
-17;-71;0.0026;0.0134
-17;-70;0.0036;0.014
-17;-69;0.0055;0.0146
-17;-68;0.0069;0.0141
-17;-67;0.0078;0.0134
-17;-66;0;0.0004
-17;-65;0.0003;0.0007
-17;-64;0.0002;0.0005
-17;-63;0.0008;0.0009
-17;-62;0.0009;0.0002
-17;-61;0.0005;0
-17;-60;0.0005;-0.0003
-17;-59;0.0005;-0.0003
-17;-58;0.0006;-0.0002
-17;-57;0.0003;-0.0004
-17;-56;-0.0001;-0.0008
-17;-55;0;-0.0005
-17;-54;0.0002;-0.0008
-17;-53;0.0002;-0.0007
-17;-52;-0.0001;-0.0005
-17;-51;-0.0002;-0.0005
-17;-50;-0.0003;-0.0002
-17;-49;-0.0004;-0.0003
-17;-48;-0.0001;-0.0005
-17;-47;-0.0001;-0.0004
-17;-46;-0.0002;-0.0002
-17;-45;-0.0002;-0.0001
-17;-44;-0.0001;0
-17;-43;0;0
-17;-42;0;0.0002
-17;-41;0;0.0003
-17;-40;-0.0001;0.0004
-17;-39;-0.0001;0.0003
-18;-72;0.0013;0.0159
-18;-71;0.0025;0.0156
-18;-70;0.0051;0.017
-18;-69;0.0065;0.0171
-18;-68;0.0063;0.015
-18;-67;0.0052;0.0109
-18;-66;0.0089;0.0147
-18;-65;0.0108;0.0154
-18;-64;0.0012;0.0012
-18;-63;0.0016;0.0019
-18;-62;0.0011;0.0006
-18;-61;0.0009;0.0002
-18;-60;0.0008;0.0001
-18;-59;0.0008;-0.0002
-18;-58;0.0003;-0.0003
-18;-57;0.0002;-0.0002
-18;-56;-0.0001;-0.0007
-18;-55;0.0001;-0.0006
-18;-54;0.0001;-0.0006
-18;-53;-0.0001;-0.0006
-18;-52;-0.0004;-0.0003
-18;-51;-0.0003;-0.0003
-18;-50;-0.0001;-0.0004
-18;-49;-0.0001;-0.0003
-18;-48;-0.0001;-0.0002
-18;-47;-0.0001;-0.0002
-18;-46;-0.0002;-0.0001
-18;-45;-0.0003;-0.0001
-18;-44;-0.0002;-0.0001
-18;-43;-0.0001;-0.0001
-18;-42;0;0.0001
-18;-41;-0.0002;0.0003
-18;-40;-0.0001;0.0003
-18;-39;-0.0001;0.0004
-19;-71;0.0033;0.018
-19;-70;0.0054;0.019
-19;-69;0.0057;0.0191
-19;-68;0.0066;0.0177
-19;-67;0.0077;0.0162
-19;-66;0.0092;0.016
-19;-65;0.0108;0.0167
-19;-64;0.0129;0.0182
-19;-63;0.0012;0.0019
-19;-62;0.0011;0.0012
-19;-61;0.001;0.0003
-19;-60;0.0009;0.0002
-19;-59;0.0004;0.0002
-19;-58;0.0002;0
-19;-57;0.0002;-0.0002
-19;-56;0.0002;-0.0006
-19;-55;0.0002;-0.0006
-19;-54;0.0002;-0.0008
-19;-53;0;-0.0005
-19;-52;-0.0001;-0.0004
-19;-51;-0.0001;-0.0004
-19;-50;-0.0002;-0.0003
-19;-49;-0.0001;-0.0002
-19;-48;-0.0001;-0.0002
-19;-47;-0.0002;-0.0002
-19;-46;-0.0002;-0.0002
-19;-45;-0.0004;-0.0001
-19;-44;-0.0003;-0.0001
-19;-43;-0.0002;-0.0002
-19;-42;-0.0001;-0.0001
-19;-41;-0.0002;0.0003
-19;-40;-0.0002;0.0003
-19;-39;-0.0001;0.0004
-20;-71;0.0037;0.0201
-20;-70;0.0049;0.0226
-20;-69;0.0059;0.0215
-20;-68;0.0066;0.0192
-20;-67;0.0067;0.016
-20;-66;0.0088;0.0166
-20;-65;0.0111;0.0191
-20;-64;0.0129;0.02
-20;-63;0.0007;0.0015
-20;-62;0.0008;0.0015
-20;-61;0.0011;0.001
-20;-60;0.0011;0.0004
-20;-59;0.0005;0.0003
-20;-58;0.0005;-0.0002
-20;-57;0.0004;-0.0001
-20;-56;0;-0.0004
-20;-55;0.0002;-0.0003
-20;-54;0.0004;-0.0004
-20;-53;0.0001;-0.0005
-20;-52;-0.0001;-0.0004
-20;-51;-0.0002;-0.0005
-20;-50;-0.0002;-0.0003
-20;-49;-0.0001;-0.0002
-20;-48;-0.0001;-0.0001
-20;-47;-0.0002;-0.0002
-20;-46;-0.0002;-0.0002
-20;-45;-0.0004;-0.0001
-20;-44;0.0005;-0.0002
-20;-43;-0.0002;-0.0001
-20;-42;-0.0003;0.0001
-20;-41;-0.0002;0.0003
-20;-40;-0.0001;0.0002
-21;-71;0.0027;0.0224
-21;-70;0.0067;0.0265
-21;-69;0.0053;0.0217
-21;-68;0.0064;0.0199
-21;-67;0.0067;0.017
-21;-66;0.0101;0.0205
-21;-65;0.0115;0.0208
-21;-64;0.013;0.0214
-21;-63;0.0004;0.0018
-21;-62;0.0005;0.0018
-21;-61;0.0009;0.001
-21;-60;0.0006;0.0008
-21;-59;0.0007;0.0002
-21;-58;0.0005;-0.0001
-21;-57;0.0002;-0.0002
-21;-56;0;-0.0003
-21;-55;0.0001;-0.0002
-21;-54;0;-0.0003
-21;-53;-0.0003;-0.0003
-21;-52;-0.0002;-0.0004
-21;-51;-0.0003;-0.0003
-21;-50;-0.0002;-0.0002
-21;-49;-0.0001;-0.0003
-21;-48;-0.0001;-0.0003
-21;-47;-0.0002;-0.0001
-21;-46;-0.0003;-0.0001
-21;-45;-0.0004;-0.0002
-21;-44;-0.0002;-0.0002
-21;-43;-0.0005;0.0002
-21;-42;-0.0003;0.0001
-21;-41;-0.0002;0.0002
-21;-40;-0.0002;0.0002
-22;-71;0.0093;0.0264
-22;-70;0.0079;0.027
-22;-69;0.0065;0.0266
-22;-68;0.0052;0.0255
-22;-67;0.0039;0.0252
-22;-66;0.0025;0.0256
-22;-65;0;0.0027
-22;-64;0;0.0026
-22;-63;0.0005;0.0023
-22;-62;0.0009;0.0026
-22;-61;0.0011;0.0021
-22;-60;0.0008;0.0008
-22;-59;0.0005;0.0006
-22;-58;0.0005;0.0001
-22;-57;0.0001;-0.0002
-22;-56;0;-0.0002
-22;-55;-0.0001;-0.0002
-22;-54;-0.0003;-0.0001
-22;-53;-0.0006;-0.0001
-22;-52;-0.0003;-0.0002
-22;-51;-0.0002;-0.0004
-22;-50;-0.0002;-0.0003
-22;-49;-0.0001;-0.0002
-22;-48;0;-0.0001
-22;-47;0;-0.0003
-22;-46;-0.0001;-0.0002
-22;-45;-0.0002;-0.0002
-22;-44;0;0.0001
-22;-43;-0.0002;0.0001
-22;-42;-0.0002;0
-22;-41;-0.0002;0.0002
-23;-71;0.0092;0.0251
-23;-70;0.0078;0.0268
-23;-69;0.0064;0.026
-23;-68;0.0051;0.0228
-23;-67;0.0039;0.0233
-23;-66;0.0025;0.0238
-23;-65;0;0.0027
-23;-64;0.0001;0.0023
-23;-63;0;0.0023
-23;-62;0.0001;0.0024
-23;-61;0.0004;0.0017
-23;-60;0.0004;0.0011
-23;-59;0.0005;0.0007
-23;-58;0.0001;-0.0002
-23;-57;0;-0.0001
-23;-56;-0.0002;-0.0001
-23;-55;-0.0002;-0.0002
-23;-54;-0.0003;-0.0002
-23;-53;-0.0003;-0.0003
-23;-52;-0.0001;-0.0003
-23;-51;-0.0003;-0.0002
-23;-50;-0.0003;-0.0001
-23;-49;-0.0002;-0.0002
-23;-48;-0.0002;-0.0002
-23;-47;-0.0003;-0.0002
-23;-46;-0.0003;-0.0001
-23;-45;-0.0001;0
-23;-44;0;0.0001
-23;-43;-0.0007;0
-23;-42;-0.0004;0.0001
-24;-71;0.0092;0.0233
-24;-70;0.0078;0.0237
-24;-69;0.0064;0.0232
-24;-68;0.0051;0.0223
-24;-67;0.0038;0.0222
-24;-66;-0.0003;0.0025
-24;-65;0.0002;0.0023
-24;-64;0.0001;0.0023
-24;-63;0;0.0023
-24;-62;0.0001;0.0019
-24;-61;-0.0002;0.0018
-24;-60;0.0002;0.0011
-24;-59;0.0003;0.0006
-24;-58;0.0002;-0.0001
-24;-57;0.0001;-0.0002
-24;-56;-0.0001;-0.0002
-24;-55;-0.0001;-0.0001
-24;-54;-0.0002;-0.0001
-24;-53;-0.0002;-0.0002
-24;-52;-0.0002;-0.0002
-24;-51;-0.0004;-0.0002
-24;-50;-0.0004;-0.0001
-24;-49;-0.0003;-0.0002
-24;-48;-0.0003;-0.0001
-24;-47;-0.0002;-0.0002
-24;-46;-0.0004;-0.0001
-25;-71;0.0092;0.0215
-25;-70;0.0074;0.021
-25;-69;0.006;0.0208
-25;-68;0.0047;0.0206
-25;-67;0.0034;0.0207
-25;-66;-0.0004;0.0021
-25;-65;-0.0003;0.0018
-25;-64;-0.0002;0.0017
-25;-63;-0.0004;0.0017
-25;-62;-0.0002;0.0015
-25;-61;-0.0003;0.0014
-25;-60;-0.0001;0.0012
-25;-59;0.0002;0.0009
-25;-58;0.0003;0.0003
-25;-57;0.0001;-0.0001
-25;-56;-0.0002;-0.0001
-25;-55;-0.0001;-0.0001
-25;-54;0.0002;-0.0001
-25;-53;0.0003;-0.0002
-25;-52;-0.0002;-0.0002
-25;-51;-0.0003;-0.0002
-25;-50;-0.0003;-0.0002
-25;-49;-0.0003;-0.0001
-25;-48;-0.0011;-0.0001
-25;-47;-0.0003;-0.0001
-26;-71;0.0087;0.0194
-26;-70;0.0073;0.0191
-26;-69;0.0059;0.0191
-26;-68;0.0046;0.0191
-26;-67;-0.0003;0.0021
-26;-66;-0.0003;0.0019
-26;-65;-0.0003;0.0018
-26;-64;0.0001;0.0015
-26;-63;0;0.0013
-26;-62;0.0001;0.0011
-26;-61;-0.0002;0.001
-26;-60;-0.0001;0.0006
-26;-59;0;0.0007
-26;-58;0.0002;0.0001
-26;-57;0.0001;-0.0001
-26;-56;-0.0003;-0.0001
-26;-55;-0.0001;-0.0001
-26;-54;-0.0002;-0.0001
-26;-53;-0.0002;-0.0002
-26;-52;-0.0002;-0.0002
-26;-51;-0.0003;-0.0002
-26;-50;-0.0004;-0.0002
-26;-49;-0.0003;-0.0001
-26;-48;-0.0004;-0.0001
-27;-71;0.0084;0.0183
-27;-70;0.0084;0.0189
-27;-69;0.0061;0.0189
-27;-68;0.0044;0.0177
-27;-67;-0.0004;0.0014
-27;-66;-0.0004;0.0013
-27;-65;-0.0001;0.001
-27;-64;-0.0003;0.0008
-27;-63;-0.0002;0.001
-27;-62;-0.0002;0.0007
-27;-61;-0.0003;0.0007
-27;-60;-0.0002;0.0005
-27;-59;0;0.0005
-27;-58;-0.0002;0
-27;-57;-0.0002;-0.0001
-27;-56;-0.0001;-0.0002
-27;-55;-0.0005;-0.0001
-27;-54;-0.0007;-0.0002
-27;-53;-0.0004;-0.0002
-27;-52;-0.0004;-0.0003
-27;-51;-0.0005;-0.0003
-27;-50;-0.0004;-0.0003
-27;-49;-0.0003;-0.0002
-27;-48;-0.0004;-0.0002
-28;-72;0.0096;0.0169
-28;-71;0.0085;0.0159
-28;-70;0.0073;0.0159
-28;-69;0.0056;0.0159
-28;-68;0.0043;0.0158
-28;-67;-0.0004;0.0013
-28;-66;0;0.0011
-28;-65;-0.0003;0.0008
-28;-64;-0.0003;0.0007
-28;-63;-0.0003;0.0005
-28;-62;-0.0003;0.0004
-28;-61;-0.0003;0.0005
-28;-60;-0.0004;0.0004
-28;-59;-0.0002;0.0005
-28;-58;-0.0003;0
-28;-57;-0.0002;-0.0002
-28;-56;-0.0003;-0.0003
-28;-55;-0.0001;-0.0003
-28;-54;-0.0004;-0.0002
-28;-53;-0.0005;-0.0001
-28;-52;-0.0004;-0.0001
-28;-51;-0.0006;-0.0002
-28;-50;-0.0004;-0.0002
-28;-49;0.0002;-0.0001
-28;-48;0.0004;0
-29;-72;0.0093;0.0158
-29;-71;0.0077;0.015
-29;-70;0.0066;0.0148
-29;-69;0.0054;0.0146
-29;-68;0.0041;0.0146
-29;-67;-0.0003;0.001
-29;-66;-0.0004;0.0009
-29;-65;-0.0004;0.0009
-29;-64;-0.0004;0.0006
-29;-63;-0.0004;0.0005
-29;-62;-0.0003;0.0003
-29;-61;-0.0005;0.0002
-29;-60;-0.0004;0.0001
-29;-59;-0.0002;0
-29;-58;-0.0002;-0.0003
-29;-57;-0.0002;-0.0005
-29;-56;-0.0002;-0.0006
-29;-55;-0.0002;-0.0006
-29;-54;-0.0003;-0.0005
-29;-53;-0.0004;-0.0004
-29;-52;-0.0004;-0.0003
-29;-51;-0.0006;-0.0003
-29;-50;-0.0005;-0.0003
-29;-49;0;-0.0003
-30;-72;0.0091;0.0131
-30;-71;0.0078;0.0138
-30;-70;0.0064;0.0137
-30;-69;0.0049;0.0129
-30;-68;0.0036;0.0129
-30;-67;-0.0003;0.001
-30;-66;-0.0004;0.0009
-30;-65;-0.0004;0.0002
-30;-64;-0.0004;0
-30;-63;-0.0003;-0.0002
-30;-62;-0.0003;0.0001
-30;-61;-0.0005;0
-30;-60;-0.0005;-0.0002
-30;-59;-0.0003;0
-30;-58;-0.0002;-0.0005
-30;-57;-0.0002;-0.0005
-30;-56;-0.0002;-0.0006
-30;-55;-0.0001;-0.0006
-30;-54;-0.0002;-0.0006
-30;-53;-0.0001;-0.0006
-30;-52;-0.0005;-0.0004
-30;-51;-0.0004;-0.0002
-30;-50;-0.0004;-0.0003
-31;-72;0.0091;0.0115
-31;-71;0.0077;0.0114
-31;-70;0.0062;0.0113
-31;-69;0.0043;0.0115
-31;-68;0.0032;0.0113
-31;-67;-0.0003;0.0004
-31;-66;-0.0004;0.0004
-31;-65;-0.0004;0
-31;-64;-0.0003;-0.0003
-31;-63;-0.0004;-0.0003
-31;-62;-0.0003;-0.0005
-31;-61;-0.0004;-0.0005
-31;-60;-0.0003;-0.0005
-31;-59;-0.0003;-0.0005
-31;-58;-0.0003;-0.0006
-31;-57;-0.0003;-0.0007
-31;-56;-0.0003;-0.0008
-31;-55;-0.0001;-0.0006
-31;-54;-0.0002;-0.0005
-31;-53;-0.0001;-0.0006
-31;-52;-0.0003;-0.0006
-31;-51;-0.0004;-0.0004
-31;-50;-0.0005;-0.0003
-32;-72;0.009;0.0103
-32;-71;0.0072;0.0102
-32;-70;0.0054;0.0102
-32;-69;0.0035;0.0101
-32;-68;0.0026;0.0099
-32;-67;-0.0002;-0.0003
-32;-66;-0.0004;-0.0004
-32;-65;-0.0003;-0.0007
-32;-64;-0.0003;-0.0007
-32;-63;-0.0003;-0.001
-32;-62;-0.0002;-0.0012
-32;-61;0.0001;-0.0007
-32;-60;-0.0001;-0.0008
-32;-59;-0.0008;-0.0011
-32;-58;-0.0002;-0.0008
-32;-57;-0.0003;-0.0007
-32;-56;-0.0003;-0.0007
-32;-55;-0.0001;-0.0008
-32;-54;-0.0003;-0.0006
-32;-53;-0.0004;-0.0007
-32;-52;-0.0005;-0.0006
-32;-51;-0.0005;-0.0006
-33;-72;0.0106;0.0082
-33;-71;0.0062;0.0087
-33;-70;0.0043;0.0087
-33;-69;0.0014;0.009
-33;-68;0.0006;0.0087
-33;-67;-0.0002;-0.0003
-33;-66;-0.0003;-0.0008
-33;-65;-0.0003;-0.001
-33;-64;-0.0002;-0.0011
-33;-63;-0.0003;-0.0011
-33;-62;0;-0.0012
-33;-61;-0.0001;-0.0011
-33;-60;-0.0002;-0.0011
-33;-59;-0.0001;-0.0015
-33;-58;-0.0003;-0.0012
-33;-57;-0.0002;-0.0008
-33;-56;-0.0003;-0.0006
-33;-55;-0.0002;-0.0006
-33;-54;-0.0002;-0.0008
-33;-53;-0.0003;-0.0008
-33;-52;-0.0005;-0.0007
-34;-72;0.0067;-0.021
-34;-71;0.0082;-0.0217
-34;-70;0.0095;-0.0218
-34;-69;0.0109;-0.0232
-34;-68;0.0124;-0.0239
-34;-67;-0.0002;-0.0011
-34;-66;-0.0001;-0.0013
-34;-65;0.0001;-0.0012
-34;-64;0.0002;-0.0013
-34;-63;-0.0001;-0.0015
-34;-62;0;-0.0015
-34;-61;0;-0.0017
-34;-60;-0.0001;-0.0018
-34;-59;-0.0001;-0.0017
-34;-58;0;-0.0013
-34;-57;-0.0001;-0.0011
-34;-56;-0.0002;-0.001
-34;-55;-0.0001;-0.001
-34;-54;-0.0002;-0.0012
-34;-53;-0.0002;-0.0012
-35;-73;0.0053;-0.019
-35;-72;0.0067;-0.0191
-35;-71;0.0081;-0.0191
-35;-70;0.0094;-0.0192
-35;-69;0.0108;-0.0193
-35;-68;0.0115;-0.0201
-35;-67;0.0118;-0.0211
-35;-66;0.0005;-0.0024
-35;-65;0.0006;-0.0022
-35;-64;0.0001;-0.0023
-35;-63;0;-0.0026
-35;-62;0.0001;-0.0023
-35;-61;0;-0.0023
-35;-60;0;-0.002
-35;-59;0;-0.002
-35;-58;0;-0.0015
-35;-57;0;-0.0015
-35;-56;-0.0002;-0.0013
-35;-55;-0.0001;-0.0012
-35;-54;-0.0002;-0.0012
-36;-73;0.0053;-0.0171
-36;-72;0.0067;-0.0171
-36;-71;0.0083;-0.0172
-36;-70;0.0095;-0.0173
-36;-69;0.0108;-0.0174
-36;-68;0.0123;-0.0175
-36;-67;0.0136;-0.0177
-36;-66;0.0013;-0.0062
-36;-65;0.0007;-0.0052
-36;-64;0.0007;-0.0049
-36;-63;0.0005;-0.0046
-36;-62;0.0007;-0.0045
-36;-61;0.0008;-0.0045
-36;-60;0.0008;-0.0043
-36;-59;0.001;-0.0043
-36;-58;0.0012;-0.0045
-36;-57;0.001;-0.0038
-36;-56;0.0011;-0.004
-37;-74;0.0052;-0.0151
-37;-73;0.0065;-0.0152
-37;-72;0.0064;-0.0152
-37;-71;0.0105;-0.0153
-37;-70;0.0103;-0.0153
-37;-69;0.011;-0.0155
-37;-68;0.0123;-0.0156
-37;-67;0.0135;-0.0157
-37;-66;0.0013;-0.0059
-37;-65;0.0006;-0.0049
-37;-64;0.0003;-0.0044
-37;-63;0.0009;-0.0045
-37;-62;0.0007;-0.0043
-37;-61;0.0007;-0.004
-37;-60;0.0005;-0.0037
-37;-59;0.0008;-0.0036
-37;-58;0.001;-0.0039
-37;-57;0.0014;-0.0038
-37;-56;0.0011;-0.0037
-38;-74;0.0045;-0.0131
-38;-73;0.0057;-0.0132
-38;-72;0.0069;-0.0133
-38;-71;0.0094;-0.0134
-38;-70;0.0105;-0.0135
-38;-69;0.0117;-0.0136
-38;-68;0.0118;-0.0136
-38;-67;0.0131;-0.0138
-38;-66;0.0015;-0.0055
-38;-65;0.0012;-0.0051
-38;-64;0.0009;-0.0048
-38;-63;0.0009;-0.0044
-38;-62;0.0006;-0.0041
-38;-61;0.0007;-0.004
-38;-60;0.0008;-0.0037
-38;-59;0.0009;-0.0035
-38;-58;0.0008;-0.0033
-38;-57;0.0013;-0.0034
-39;-74;0.0034;-0.0012
-39;-73;0.0041;-0.0013
-39;-72;0.0063;-0.0113
-39;-71;0.0084;-0.0114
-39;-70;0.0099;-0.0115
-39;-69;0.0104;-0.0116
-39;-68;0.0075;-0.0118
-39;-67;0.0124;-0.0119
-39;-66;0.002;-0.0057
-39;-65;0.0018;-0.0054
-39;-64;0.0015;-0.0051
-39;-63;0.001;-0.0044
-39;-62;0.0006;-0.0042
-39;-61;0.0008;-0.004
-39;-60;0.0009;-0.0039
-39;-59;0.0011;-0.0037
-39;-58;0.0012;-0.0037
-40;-74;0.0039;0.0087
-40;-73;0.0041;0.0085
-40;-72;0.0061;-0.0094
-40;-71;0.008;-0.0094
-40;-70;0.0093;-0.0095
-40;-69;0.0104;-0.0097
-40;-68;0.0115;-0.0098
-40;-67;0.0118;-0.0104
-40;-66;0.0025;-0.0061
-40;-65;0.0024;-0.0057
-40;-64;0.0022;-0.0054
-40;-63;0.0017;-0.0049
-40;-62;0.0016;-0.0046
-41;-74;0.0036;0.0072
-41;-73;0.0054;0.007
-41;-72;0.0072;-0.0007
-41;-71;0.0084;-0.0077
-41;-70;0.0088;-0.0083
-41;-69;0.0102;-0.0083
-41;-68;0.0116;-0.0085
-41;-67;0.0025;-0.006
-41;-66;0.0023;-0.0057
-41;-65;0.0023;-0.0054
-41;-64;0.0022;-0.0052
-41;-63;0.0019;-0.0049
-41;-62;0.0019;-0.0047
-42;-75;0.0022;-0.0057
-42;-74;0.0023;-0.0057
-42;-73;0.0021;-0.0055
-42;-72;0.0018;-0.0058
-42;-71;0.0019;-0.0058
-42;-70;0.0023;-0.006
-42;-69;0.0021;-0.0057
-42;-68;0.0022;-0.0056
-42;-67;0.0023;-0.0057
-42;-66;0.0023;-0.0057
-42;-65;0.0021;-0.0051
-42;-64;0.002;-0.0046
-42;-63;0.0018;-0.0047
-43;-75;0.0022;-0.0054
-43;-74;0.0023;-0.0054
-43;-73;0.0023;-0.0053
-43;-72;0.0014;-0.0045
-43;-71;0.0009;-0.0047
-43;-70;0.0019;-0.0055
-43;-69;0.0019;-0.0054
-43;-68;0.0022;-0.0055
-43;-67;0.0021;-0.0053
-43;-66;0.0022;-0.0054
-43;-65;0.0023;-0.0053
-43;-64;0.0022;-0.0054
-44;-75;0.0022;-0.0052
-44;-74;0.0023;-0.0052
-44;-73;0.0023;-0.0051
-44;-72;0.0024;-0.0049
-44;-71;0.0018;-0.0046
-44;-70;0.0023;-0.0048
-44;-69;0.0022;-0.0054
-44;-68;0.0026;-0.0056
-44;-67;0.0024;-0.0052
-44;-66;0.0025;-0.0053
-44;-65;0.0024;-0.0053
-45;-75;0.0022;-0.0049
-45;-74;0.0023;-0.0049
-45;-73;0.0021;-0.0045
-45;-72;0.0016;-0.0038
-45;-71;0.0022;-0.0044
-45;-70;0.0018;-0.0035
-45;-69;0.0022;-0.004
-45;-68;0.0026;-0.0042
-45;-67;0.0032;-0.0049
-45;-66;0.0032;-0.0049
-45;-65;0.0027;-0.0047
-46;-74;0.0017;-0.0037
-46;-73;0.0011;-0.0029
-46;-72;0.0007;-0.0021
-46;-71;0.0013;-0.0027
-46;-70;0.0023;-0.0036
-46;-69;0.0024;-0.0037
-46;-68;0.0026;-0.0039
-46;-67;0.0011;-0.0024
-46;-66;0.0013;-0.0024
-47;-75;-0.0002;-0.0011
-47;-74;-0.0001;-0.0011
-47;-73;-0.0001;-0.0011
-47;-72;0.0001;-0.0013
-47;-71;0.0002;-0.0011
-47;-70;0.0005;-0.0012
-47;-69;0.0006;-0.0012
-47;-68;0.0009;-0.0011
-47;-67;0.0011;-0.0011
-47;-66;0.0009;-0.0013
-47;-65;0.001;-0.0015
-48;-75;-0.0001;-0.0008
-48;-74;0;-0.0008
-48;-73;0.0001;-0.001
-48;-72;0.0002;-0.0011
-48;-71;0.0004;-0.0011
-48;-70;0.0006;-0.001
-48;-69;0.0007;-0.001
-48;-68;0.0009;-0.001
-48;-67;0.0012;-0.001
-48;-66;0.0012;-0.0011
-48;-65;0.0013;-0.0012
-49;-75;0;-0.0007
-49;-74;0.0001;-0.0007
-49;-73;0.0002;0.0002
-49;-72;0.0004;0.0002
-49;-71;0.0005;0.0002
-49;-70;0.0007;0.0002
-49;-69;0.0008;0.0001
-49;-68;0.001;0.0001
-49;-67;0.0011;0.0001
-50;-75;0;0.0008
-50;-74;0.0001;0.0009
-50;-73;0.0002;0.0008
-50;-72;0.0004;0.0008
-50;-71;0.0005;0.0008
-50;-70;0.0007;0.0008
-50;-69;0.0008;0.0008
-50;-68;0.001;0.0005
-51;-75;0;0.0011
-51;-74;0.0001;0.0011
-51;-73;0.0002;0.0011
-51;-72;0.0004;0.0011
-51;-71;0.0005;0.0011
-51;-70;0.0007;0.0011
-51;-69;0.0008;0.0011
-52;-74;0.0001;0.0014
-52;-73;0.0002;0.0013
-52;-72;0.0004;0.0014
-52;-71;0.0005;0.0013
-52;-70;0.0007;0.0013
-52;-69;0.001;0.0015
-53;-74;0.0004;0.0019
-53;-73;0.0005;0.0018
-53;-72;0.0008;0.0019
-53;-71;0.0012;0.0018
-53;-70;0.0011;0.0018
-53;-69;0.0011;0.0018
-53;-68;0.0012;0.0014
-54;-72;0.0007;0.002
-54;-71;0.0008;0.0021
-54;-70;0.001;0.002
-54;-69;0.0011;0.002
-54;-68;0.0012;0.0017
-54;-67;0.0014;0.0016
-55;-70;0.001;0.0023
-55;-69;0.001;0.0023
-55;-68;0.0011;0.0023
-55;-67;0.0014;0.0019
-55;-66;0.0015;0.0019
